AERONET Data Download (Version 3 Direct Sun)
AERONET Version 3
Version 3: AOD Level 1.5
The following data are cloud cleared and quality controls have been applied but these data may not have final calibration applied.  These data may change.
Contact: PI=Jacques_Piazzola; PI Email=jacques.piazzola@univ-tln.fr
AERONET_Site,Date(dd:mm:yyyy),Time(hh:mm:ss),Day_of_Year,Day_of_Year(Fraction),AOD_1640nm,AOD_1020nm,AOD_870nm,AOD_865nm,AOD_779nm,AOD_675nm,AOD_667nm,AOD_620nm,AOD_560nm,AOD_555nm,AOD_551nm,AOD_532nm,AOD_531nm,AOD_510nm,AOD_500nm,AOD_490nm,AOD_443nm,AOD_440nm,AOD_412nm,AOD_400nm,AOD_380nm,AOD_340nm,Precipitable_Water(cm),AOD_681nm,AOD_709nm,AOD_Empty,AOD_Empty,AOD_Empty,AOD_Empty,AOD_Empty,Triplet_Variability_1640,Triplet_Variability_1020,Triplet_Variability_870,Triplet_Variability_865,Triplet_Variability_779,Triplet_Variability_675,Triplet_Variability_667,Triplet_Variability_620,Triplet_Variability_560,Triplet_Variability_555,Triplet_Variability_551,Triplet_Variability_532,Triplet_Variability_531,Triplet_Variability_510,Triplet_Variability_500,Triplet_Variability_490,Triplet_Variability_443,Triplet_Variability_440,Triplet_Variability_412,Triplet_Variability_400,Triplet_Variability_380,Triplet_Variability_340,Triplet_Variability_Precipitable_Water(cm),Triplet_Variability_681,Triplet_Variability_709,Triplet_Variability_AOD_Empty,Triplet_Variability_AOD_Empty,Triplet_Variability_AOD_Empty,Triplet_Variability_AOD_Empty,Triplet_Variability_AOD_Empty,440-870_Angstrom_Exponent,380-500_Angstrom_Exponent,440-675_Angstrom_Exponent,500-870_Angstrom_Exponent,340-440_Angstrom_Exponent,440-675_Angstrom_Exponent[Polar],Data_Quality_Level,AERONET_Instrument_Number,AERONET_Site_Name,Site_Latitude(Degrees),Site_Longitude(Degrees),Site_Elevation(m),Solar_Zenith_Angle(Degrees),Optical_Air_Mass,Sensor_Temperature(Degrees_C),Ozone(Dobson),NO2(Dobson),Last_Date_Processed,Number_of_Wavelengths,Exact_Wavelengths_of_AOD(um)_1640nm,Exact_Wavelengths_of_AOD(um)_1020nm,Exact_Wavelengths_of_AOD(um)_870nm,Exact_Wavelengths_of_AOD(um)_865nm,Exact_Wavelengths_of_AOD(um)_779nm,Exact_Wavelengths_of_AOD(um)_675nm,Exact_Wavelengths_of_AOD(um)_667nm,Exact_Wavelengths_of_AOD(um)_620nm,Exact_Wavelengths_of_AOD(um)_560nm,Exact_Wavelengths_of_AOD(um)_555nm,Exact_Wavelengths_of_AOD(um)_551nm,Exact_Wavelengths_of_AOD(um)_532nm,Exact_Wavelengths_of_AOD(um)_531nm,Exact_Wavelengths_of_AOD(um)_510nm,Exact_Wavelengths_of_AOD(um)_500nm,Exact_Wavelengths_of_AOD(um)_490nm,Exact_Wavelengths_of_AOD(um)_443nm,Exact_Wavelengths_of_AOD(um)_440nm,Exact_Wavelengths_of_AOD(um)_412nm,Exact_Wavelengths_of_AOD(um)_400nm,Exact_Wavelengths_of_AOD(um)_380nm,Exact_Wavelengths_of_AOD(um)_340nm,Exact_Wavelengths_of_PW(um)_935nm,Exact_Wavelengths_of_AOD(um)_681nm,Exact_Wavelengths_of_AOD(um)_709nm,Exact_Wavelengths_of_AOD(um)_Empty,Exact_Wavelengths_of_AOD(um)_Empty,Exact_Wavelengths_of_AOD(um)_Empty,Exact_Wavelengths_of_AOD(um)_Empty,Exact_Wavelengths_of_AOD(um)_Empty
Toulon,14:08:2022,06:06:56,226,226.254815,-999.000000,0.113041,0.122254,-999.000000,-999.000000,0.154528,-999.000000,-999.000000,-999.000000,-999.000000,-999.000000,-999.000000,-999.000000,-999.000000,0.217772,-999.000000,-999.000000,0.245860,-999.000000,-999.000000,0.291589,0.326120,3.205868,-999.000000,-999.000000,-999.000000,-999.000000,-999.000000,-999.000000,-999.000000,-999.000000,0.001416,0.003262,-999.000000,-999.000000,0.003392,-999.000000,-999.000000,-999.000000,-999.000000,-999.000000,-999.000000,-999.000000,-999.000000,0.007131,-999.000000,-999.000000,0.007724,-999.000000,-999.000000,0.011268,0.012771,0.048409,-999.000000,-999.000000,-999.000000,-999.000000,-999.000000,-999.000000,-999.000000,1.040011,1.072980,1.095078,1.045488,1.115594,-999.000000,lev15,646,Toulon,43.135556,6.009444,50.000000,75.450623,3.924831,25.800000,312.262928,0.213048,21:11:2022,8,-999.,1.021300,0.870800,-999.,-999.,0.674500,-999.,-999.,-999.,-999.,-999.,-999.,-999.,-999.,0.500500,-999.,-999.,0.439400,-999.,-999.,0.381100,0.340800,0.936200,-999.,-999.,-999.,-999.,-999.,-999.,-999.
Toulon,14:08:2022,06:16:10,226,226.261227,-999.000000,0.111707,0.120382,-999.000000,-999.000000,0.152300,-999.000000,-999.000000,-999.000000,-999.000000,-999.000000,-999.000000,-999.000000,-999.000000,0.215490,-999.000000,-999.000000,0.243275,-999.000000,-999.000000,0.289296,0.321634,3.184890,-999.000000,-999.000000,-999.000000,-999.000000,-999.000000,-999.000000,-999.000000,-999.000000,0.002495,0.001647,-999.000000,-999.000000,0.000619,-999.000000,-999.000000,-999.000000,-999.000000,-999.000000,-999.000000,-999.000000,-999.000000,0.003150,-999.000000,-999.000000,0.002736,-999.000000,-999.000000,0.005078,0.002703,0.020978,-999.000000,-999.000000,-999.000000,-999.000000,-999.000000,-999.000000,-999.000000,1.048111,1.082803,1.105011,1.054456,1.104095,-999.000000,lev15,646,Toulon,43.135556,6.009444,50.000000,73.781172,3.540408,26.600000,312.260698,0.213048,21:11:2022,8,-999.,1.021300,0.870800,-999.,-999.,0.674500,-999.,-999.,-999.,-999.,-999.,-999.,-999.,-999.,0.500500,-999.,-999.,0.439400,-999.,-999.,0.381100,0.340800,0.936200,-999.,-999.,-999.,-999.,-999.,-999.,-999.
Toulon,14:08:2022,06:18:15,226,226.262674,-999.000000,0.114324,0.122170,-999.000000,-999.000000,0.154234,-999.000000,-999.000000,-999.000000,-999.000000,-999.000000,-999.000000,-999.000000,-999.000000,0.216691,-999.000000,-999.000000,0.244308,-999.000000,-999.000000,0.290715,0.323559,3.185906,-999.000000,-999.000000,-999.000000,-999.000000,-999.000000,-999.000000,-999.000000,-999.000000,0.003986,0.003805,-999.000000,-999.000000,0.003947,-999.000000,-999.000000,-999.000000,-999.000000,-999.000000,-999.000000,-999.000000,-999.000000,0.003815,-999.000000,-999.000000,0.004966,-999.000000,-999.000000,0.003606,0.003178,0.025053,-999.000000,-999.000000,-999.000000,-999.000000,-999.000000,-999.000000,-999.000000,1.031565,1.080466,1.084743,1.037670,1.110797,-999.000000,lev15,646,Toulon,43.135556,6.009444,50.000000,73.403767,3.463961,26.800000,312.260195,0.213048,21:11:2022,8,-999.,1.021300,0.870800,-999.,-999.,0.674500,-999.,-999.,-999.,-999.,-999.,-999.,-999.,-999.,0.500500,-999.,-999.,0.439400,-999.,-999.,0.381100,0.340800,0.936200,-999.,-999.,-999.,-999.,-999.,-999.,-999.
Toulon,14:08:2022,06:21:23,226,226.264850,-999.000000,0.114760,0.120582,-999.000000,-999.000000,0.152505,-999.000000,-999.000000,-999.000000,-999.000000,-999.000000,-999.000000,-999.000000,-999.000000,0.212916,-999.000000,-999.000000,0.240169,-999.000000,-999.000000,0.285058,0.317658,3.178223,-999.000000,-999.000000,-999.000000,-999.000000,-999.000000,-999.000000,-999.000000,-999.000000,0.002902,0.002769,-999.000000,-999.000000,0.002267,-999.000000,-999.000000,-999.000000,-999.000000,-999.000000,-999.000000,-999.000000,-999.000000,0.001297,-999.000000,-999.000000,0.000590,-999.000000,-999.000000,0.000832,0.000461,0.032875,-999.000000,-999.000000,-999.000000,-999.000000,-999.000000,-999.000000,-999.000000,1.023533,1.072696,1.069865,1.029201,1.105053,-999.000000,lev15,646,Toulon,43.135556,6.009444,50.000000,72.835723,3.355114,26.900000,312.259439,0.213047,21:11:2022,8,-999.,1.021300,0.870800,-999.,-999.,0.674500,-999.,-999.,-999.,-999.,-999.,-999.,-999.,-999.,0.500500,-999.,-999.,0.439400,-999.,-999.,0.381100,0.340800,0.936200,-999.,-999.,-999.,-999.,-999.,-999.,-999.
Toulon,14:08:2022,06:27:23,226,226.269016,-999.000000,0.105810,0.112098,-999.000000,-999.000000,0.141205,-999.000000,-999.000000,-999.000000,-999.000000,-999.000000,-999.000000,-999.000000,-999.000000,0.198153,-999.000000,-999.000000,0.222344,-999.000000,-999.000000,0.266039,0.295538,3.073301,-999.000000,-999.000000,-999.000000,-999.000000,-999.000000,-999.000000,-999.000000,-999.000000,0.002110,0.002098,-999.000000,-999.000000,0.000652,-999.000000,-999.000000,-999.000000,-999.000000,-999.000000,-999.000000,-999.000000,-999.000000,0.003490,-999.000000,-999.000000,0.003023,-999.000000,-999.000000,0.006014,0.006994,0.049772,-999.000000,-999.000000,-999.000000,-999.000000,-999.000000,-999.000000,-999.000000,1.021351,1.083706,1.072605,1.031618,1.126139,-999.000000,lev15,646,Toulon,43.135556,6.009444,50.000000,71.746746,3.165101,27.000000,312.257990,0.213047,21:11:2022,8,-999.,1.021300,0.870800,-999.,-999.,0.674500,-999.,-999.,-999.,-999.,-999.,-999.,-999.,-999.,0.500500,-999.,-999.,0.439400,-999.,-999.,0.381100,0.340800,0.936200,-999.,-999.,-999.,-999.,-999.,-999.,-999.
Toulon,14:08:2022,06:34:15,226,226.273785,-999.000000,0.117887,0.121835,-999.000000,-999.000000,0.150386,-999.000000,-999.000000,-999.000000,-999.000000,-999.000000,-999.000000,-999.000000,-999.000000,0.204600,-999.000000,-999.000000,0.228026,-999.000000,-999.000000,0.270874,0.299058,3.061202,-999.000000,-999.000000,-999.000000,-999.000000,-999.000000,-999.000000,-999.000000,-999.000000,0.004607,0.004697,-999.000000,-999.000000,0.003576,-999.000000,-999.000000,-999.000000,-999.000000,-999.000000,-999.000000,-999.000000,-999.000000,0.002218,-999.000000,-999.000000,0.001433,-999.000000,-999.000000,0.003216,0.003686,0.029692,-999.000000,-999.000000,-999.000000,-999.000000,-999.000000,-999.000000,-999.000000,0.933154,1.032343,0.981762,0.938710,1.073533,-999.000000,lev15,646,Toulon,43.135556,6.009444,50.000000,70.498955,2.973202,27.300000,312.256332,0.213047,21:11:2022,8,-999.,1.021300,0.870800,-999.,-999.,0.674500,-999.,-999.,-999.,-999.,-999.,-999.,-999.,-999.,0.500500,-999.,-999.,0.439400,-999.,-999.,0.381100,0.340800,0.936200,-999.,-999.,-999.,-999.,-999.,-999.,-999.
Toulon,14:08:2022,06:43:11,226,226.279988,-999.000000,0.116156,0.120785,-999.000000,-999.000000,0.148219,-999.000000,-999.000000,-999.000000,-999.000000,-999.000000,-999.000000,-999.000000,-999.000000,0.200356,-999.000000,-999.000000,0.222377,-999.000000,-999.000000,0.265140,0.290069,3.068917,-999.000000,-999.000000,-999.000000,-999.000000,-999.000000,-999.000000,-999.000000,-999.000000,0.010417,0.009730,-999.000000,-999.000000,0.008583,-999.000000,-999.000000,-999.000000,-999.000000,-999.000000,-999.000000,-999.000000,-999.000000,0.008939,-999.000000,-999.000000,0.008450,-999.000000,-999.000000,0.010093,0.009824,0.064404,-999.000000,-999.000000,-999.000000,-999.000000,-999.000000,-999.000000,-999.000000,0.909660,1.031168,0.957635,0.916509,1.054258,-999.000000,lev15,646,Toulon,43.135556,6.009444,50.000000,68.874276,2.757187,27.800000,312.254175,0.213046,21:11:2022,8,-999.,1.021300,0.870800,-999.,-999.,0.674500,-999.,-999.,-999.,-999.,-999.,-999.,-999.,-999.,0.500500,-999.,-999.,0.439400,-999.,-999.,0.381100,0.340800,0.936200,-999.,-999.,-999.,-999.,-999.,-999.,-999.
Toulon,14:08:2022,06:50:06,226,226.284792,-999.000000,0.105029,0.108088,-999.000000,-999.000000,0.136769,-999.000000,-999.000000,-999.000000,-999.000000,-999.000000,-999.000000,-999.000000,-999.000000,0.189732,-999.000000,-999.000000,0.211908,-999.000000,-999.000000,0.255334,0.282309,3.111324,-999.000000,-999.000000,-999.000000,-999.000000,-999.000000,-999.000000,-999.000000,-999.000000,0.003447,0.002656,-999.000000,-999.000000,0.002134,-999.000000,-999.000000,-999.000000,-999.000000,-999.000000,-999.000000,-999.000000,-999.000000,0.000799,-999.000000,-999.000000,0.001938,-999.000000,-999.000000,0.002032,0.003197,0.033809,-999.000000,-999.000000,-999.000000,-999.000000,-999.000000,-999.000000,-999.000000,1.002181,1.093000,1.034759,1.018256,1.136893,-999.000000,lev15,646,Toulon,43.135556,6.009444,50.000000,67.615867,2.611476,28.000000,312.252504,0.213046,21:11:2022,8,-999.,1.021300,0.870800,-999.,-999.,0.674500,-999.,-999.,-999.,-999.,-999.,-999.,-999.,-999.,0.500500,-999.,-999.,0.439400,-999.,-999.,0.381100,0.340800,0.936200,-999.,-999.,-999.,-999.,-999.,-999.,-999.
Toulon,14:08:2022,06:52:04,226,226.286157,-999.000000,0.101873,0.106728,-999.000000,-999.000000,0.136235,-999.000000,-999.000000,-999.000000,-999.000000,-999.000000,-999.000000,-999.000000,-999.000000,0.191395,-999.000000,-999.000000,0.214174,-999.000000,-999.000000,0.259408,0.285816,3.163764,-999.000000,-999.000000,-999.000000,-999.000000,-999.000000,-999.000000,-999.000000,-999.000000,0.000613,0.003460,-999.000000,-999.000000,0.003911,-999.000000,-999.000000,-999.000000,-999.000000,-999.000000,-999.000000,-999.000000,-999.000000,0.006719,-999.000000,-999.000000,0.006359,-999.000000,-999.000000,0.009327,0.007018,0.066182,-999.000000,-999.000000,-999.000000,-999.000000,-999.000000,-999.000000,-999.000000,1.037822,1.119216,1.070150,1.056970,1.144964,-999.000000,lev15,646,Toulon,43.135556,6.009444,50.000000,67.258068,2.573014,28.100000,312.252030,0.213046,21:11:2022,8,-999.,1.021300,0.870800,-999.,-999.,0.674500,-999.,-999.,-999.,-999.,-999.,-999.,-999.,-999.,0.500500,-999.,-999.,0.439400,-999.,-999.,0.381100,0.340800,0.936200,-999.,-999.,-999.,-999.,-999.,-999.,-999.
Toulon,14:08:2022,07:02:32,226,226.293426,-999.000000,0.095520,0.099754,-999.000000,-999.000000,0.128542,-999.000000,-999.000000,-999.000000,-999.000000,-999.000000,-999.000000,-999.000000,-999.000000,0.182867,-999.000000,-999.000000,0.204171,-999.000000,-999.000000,0.249422,0.273820,3.187064,-999.000000,-999.000000,-999.000000,-999.000000,-999.000000,-999.000000,-999.000000,-999.000000,0.003098,0.000683,-999.000000,-999.000000,0.001532,-999.000000,-999.000000,-999.000000,-999.000000,-999.000000,-999.000000,-999.000000,-999.000000,0.001514,-999.000000,-999.000000,0.003287,-999.000000,-999.000000,0.002984,0.002145,0.004202,-999.000000,-999.000000,-999.000000,-999.000000,-999.000000,-999.000000,-999.000000,1.069666,1.143006,1.097288,1.096756,1.166291,-999.000000,lev15,646,Toulon,43.135556,6.009444,50.000000,65.354715,2.387421,28.200000,312.249502,0.213046,21:11:2022,8,-999.,1.021300,0.870800,-999.,-999.,0.674500,-999.,-999.,-999.,-999.,-999.,-999.,-999.,-999.,0.500500,-999.,-999.,0.439400,-999.,-999.,0.381100,0.340800,0.936200,-999.,-999.,-999.,-999.,-999.,-999.,-999.
Toulon,14:08:2022,07:15:44,226,226.302593,-999.000000,0.102305,0.107998,-999.000000,-999.000000,0.144860,-999.000000,-999.000000,-999.000000,-999.000000,-999.000000,-999.000000,-999.000000,-999.000000,0.208092,-999.000000,-999.000000,0.235646,-999.000000,-999.000000,0.283734,0.308453,3.316009,-999.000000,-999.000000,-999.000000,-999.000000,-999.000000,-999.000000,-999.000000,-999.000000,0.008483,0.016717,-999.000000,-999.000000,0.024349,-999.000000,-999.000000,-999.000000,-999.000000,-999.000000,-999.000000,-999.000000,-999.000000,0.035316,-999.000000,-999.000000,0.039127,-999.000000,-999.000000,0.029242,0.026325,0.074035,-999.000000,-999.000000,-999.000000,-999.000000,-999.000000,-999.000000,-999.000000,1.155160,1.140230,1.148961,1.185122,1.070478,-999.000000,lev15,646,Toulon,43.135556,6.009444,50.000000,62.958844,2.191647,29.000000,312.246315,0.213045,21:11:2022,8,-999.,1.021300,0.870800,-999.,-999.,0.674500,-999.,-999.,-999.,-999.,-999.,-999.,-999.,-999.,0.500500,-999.,-999.,0.439400,-999.,-999.,0.381100,0.340800,0.936200,-999.,-999.,-999.,-999.,-999.,-999.,-999.
Toulon,15:08:2022,05:33:10,227,227.231366,-999.000000,0.111188,0.124823,-999.000000,-999.000000,0.165676,-999.000000,-999.000000,-999.000000,-999.000000,-999.000000,-999.000000,-999.000000,-999.000000,0.240722,-999.000000,-999.000000,0.278493,-999.000000,-999.000000,0.327940,0.372347,2.569686,-999.000000,-999.000000,-999.000000,-999.000000,-999.000000,-999.000000,-999.000000,-999.000000,0.001725,0.001445,-999.000000,-999.000000,0.002472,-999.000000,-999.000000,-999.000000,-999.000000,-999.000000,-999.000000,-999.000000,-999.000000,0.001729,-999.000000,-999.000000,0.002193,-999.000000,-999.000000,0.004328,0.005618,0.050531,-999.000000,-999.000000,-999.000000,-999.000000,-999.000000,-999.000000,-999.000000,1.184617,1.134658,1.218845,1.187715,1.143165,-999.000000,lev15,646,Toulon,43.135556,6.009444,50.000000,81.659659,6.601855,18.600000,311.923369,0.212985,21:11:2022,8,-999.,1.021300,0.870800,-999.,-999.,0.674500,-999.,-999.,-999.,-999.,-999.,-999.,-999.,-999.,0.500500,-999.,-999.,0.439400,-999.,-999.,0.381100,0.340800,0.936200,-999.,-999.,-999.,-999.,-999.,-999.,-999.
Toulon,15:08:2022,05:36:40,227,227.233796,-999.000000,0.110508,0.124189,-999.000000,-999.000000,0.164039,-999.000000,-999.000000,-999.000000,-999.000000,-999.000000,-999.000000,-999.000000,-999.000000,0.239080,-999.000000,-999.000000,0.276294,-999.000000,-999.000000,0.325013,0.367728,2.571226,-999.000000,-999.000000,-999.000000,-999.000000,-999.000000,-999.000000,-999.000000,-999.000000,0.002446,0.000075,-999.000000,-999.000000,0.000997,-999.000000,-999.000000,-999.000000,-999.000000,-999.000000,-999.000000,-999.000000,-999.000000,0.001154,-999.000000,-999.000000,0.002353,-999.000000,-999.000000,0.003270,0.005442,0.026012,-999.000000,-999.000000,-999.000000,-999.000000,-999.000000,-999.000000,-999.000000,1.182399,1.126886,1.224509,1.184926,1.125710,-999.000000,lev15,646,Toulon,43.135556,6.009444,50.000000,81.040743,6.183325,18.800000,311.922524,0.212985,21:11:2022,8,-999.,1.021300,0.870800,-999.,-999.,0.674500,-999.,-999.,-999.,-999.,-999.,-999.,-999.,-999.,0.500500,-999.,-999.,0.439400,-999.,-999.,0.381100,0.340800,0.936200,-999.,-999.,-999.,-999.,-999.,-999.,-999.
Toulon,15:08:2022,05:40:54,227,227.236736,-999.000000,0.110849,0.125451,-999.000000,-999.000000,0.166957,-999.000000,-999.000000,-999.000000,-999.000000,-999.000000,-999.000000,-999.000000,-999.000000,0.245632,-999.000000,-999.000000,0.283850,-999.000000,-999.000000,0.336261,0.380218,2.573242,-999.000000,-999.000000,-999.000000,-999.000000,-999.000000,-999.000000,-999.000000,-999.000000,0.000809,0.001945,-999.000000,-999.000000,0.002405,-999.000000,-999.000000,-999.000000,-999.000000,-999.000000,-999.000000,-999.000000,-999.000000,0.004070,-999.000000,-999.000000,0.004984,-999.000000,-999.000000,0.005526,0.007640,0.052537,-999.000000,-999.000000,-999.000000,-999.000000,-999.000000,-999.000000,-999.000000,1.208649,1.152880,1.247997,1.215530,1.152058,-999.000000,lev15,646,Toulon,43.135556,6.009444,50.000000,80.289456,5.740376,19.100000,311.921502,0.212985,21:11:2022,8,-999.,1.021300,0.870800,-999.,-999.,0.674500,-999.,-999.,-999.,-999.,-999.,-999.,-999.,-999.,0.500500,-999.,-999.,0.439400,-999.,-999.,0.381100,0.340800,0.936200,-999.,-999.,-999.,-999.,-999.,-999.,-999.
Toulon,15:08:2022,05:45:37,227,227.240012,-999.000000,0.114026,0.129119,-999.000000,-999.000000,0.171781,-999.000000,-999.000000,-999.000000,-999.000000,-999.000000,-999.000000,-999.000000,-999.000000,0.250882,-999.000000,-999.000000,0.289662,-999.000000,-999.000000,0.340684,0.383956,2.590639,-999.000000,-999.000000,-999.000000,-999.000000,-999.000000,-999.000000,-999.000000,-999.000000,0.000491,0.001558,-999.000000,-999.000000,0.001023,-999.000000,-999.000000,-999.000000,-999.000000,-999.000000,-999.000000,-999.000000,-999.000000,0.002375,-999.000000,-999.000000,0.002906,-999.000000,-999.000000,0.005027,0.005254,0.013445,-999.000000,-999.000000,-999.000000,-999.000000,-999.000000,-999.000000,-999.000000,1.194470,1.122920,1.227899,1.201364,1.110373,-999.000000,lev15,646,Toulon,43.135556,6.009444,50.000000,79.449301,5.313795,19.400000,311.920363,0.212985,21:11:2022,8,-999.,1.021300,0.870800,-999.,-999.,0.674500,-999.,-999.,-999.,-999.,-999.,-999.,-999.,-999.,0.500500,-999.,-999.,0.439400,-999.,-999.,0.381100,0.340800,0.936200,-999.,-999.,-999.,-999.,-999.,-999.,-999.
Toulon,15:08:2022,05:51:35,227,227.244155,-999.000000,0.120765,0.134800,-999.000000,-999.000000,0.177757,-999.000000,-999.000000,-999.000000,-999.000000,-999.000000,-999.000000,-999.000000,-999.000000,0.256492,-999.000000,-999.000000,0.295229,-999.000000,-999.000000,0.346663,0.388597,2.619398,-999.000000,-999.000000,-999.000000,-999.000000,-999.000000,-999.000000,-999.000000,-999.000000,0.002102,0.001300,-999.000000,-999.000000,0.001446,-999.000000,-999.000000,-999.000000,-999.000000,-999.000000,-999.000000,-999.000000,-999.000000,0.001976,-999.000000,-999.000000,0.001833,-999.000000,-999.000000,0.005130,0.003811,0.025959,-999.000000,-999.000000,-999.000000,-999.000000,-999.000000,-999.000000,-999.000000,1.158349,1.105691,1.191627,1.163479,1.083464,-999.000000,lev15,646,Toulon,43.135556,6.009444,50.000000,78.382396,4.855049,19.900000,311.918922,0.212984,21:11:2022,8,-999.,1.021300,0.870800,-999.,-999.,0.674500,-999.,-999.,-999.,-999.,-999.,-999.,-999.,-999.,0.500500,-999.,-999.,0.439400,-999.,-999.,0.381100,0.340800,0.936200,-999.,-999.,-999.,-999.,-999.,-999.,-999.
Toulon,15:08:2022,05:58:46,227,227.249144,-999.000000,0.121559,0.133285,-999.000000,-999.000000,0.174158,-999.000000,-999.000000,-999.000000,-999.000000,-999.000000,-999.000000,-999.000000,-999.000000,0.248715,-999.000000,-999.000000,0.285016,-999.000000,-999.000000,0.334999,0.375387,2.634471,-999.000000,-999.000000,-999.000000,-999.000000,-999.000000,-999.000000,-999.000000,-999.000000,0.001611,0.001611,-999.000000,-999.000000,0.001654,-999.000000,-999.000000,-999.000000,-999.000000,-999.000000,-999.000000,-999.000000,-999.000000,0.002598,-999.000000,-999.000000,0.003118,-999.000000,-999.000000,0.003714,0.005663,0.044873,-999.000000,-999.000000,-999.000000,-999.000000,-999.000000,-999.000000,-999.000000,1.123418,1.093395,1.157170,1.128311,1.086102,-999.000000,lev15,646,Toulon,43.135556,6.009444,50.000000,77.092737,4.396246,20.500000,311.917188,0.212984,21:11:2022,8,-999.,1.021300,0.870800,-999.,-999.,0.674500,-999.,-999.,-999.,-999.,-999.,-999.,-999.,-999.,0.500500,-999.,-999.,0.439400,-999.,-999.,0.381100,0.340800,0.936200,-999.,-999.,-999.,-999.,-999.,-999.,-999.
Toulon,15:08:2022,06:17:32,227,227.262176,-999.000000,0.123918,0.134808,-999.000000,-999.000000,0.178162,-999.000000,-999.000000,-999.000000,-999.000000,-999.000000,-999.000000,-999.000000,-999.000000,0.255657,-999.000000,-999.000000,0.293250,-999.000000,-999.000000,0.346733,0.387153,2.650528,-999.000000,-999.000000,-999.000000,-999.000000,-999.000000,-999.000000,-999.000000,-999.000000,0.000809,0.001465,-999.000000,-999.000000,0.001512,-999.000000,-999.000000,-999.000000,-999.000000,-999.000000,-999.000000,-999.000000,-999.000000,0.003418,-999.000000,-999.000000,0.003384,-999.000000,-999.000000,0.005656,0.006102,0.039617,-999.000000,-999.000000,-999.000000,-999.000000,-999.000000,-999.000000,-999.000000,1.147836,1.118958,1.171047,1.157134,1.096930,-999.000000,lev15,646,Toulon,43.135556,6.009444,50.000000,73.703121,3.524314,21.900000,311.912656,0.212983,21:11:2022,8,-999.,1.021300,0.870800,-999.,-999.,0.674500,-999.,-999.,-999.,-999.,-999.,-999.,-999.,-999.,0.500500,-999.,-999.,0.439400,-999.,-999.,0.381100,0.340800,0.936200,-999.,-999.,-999.,-999.,-999.,-999.,-999.
Toulon,15:08:2022,06:28:15,227,227.269618,-999.000000,0.142362,0.159400,-999.000000,-999.000000,0.210642,-999.000000,-999.000000,-999.000000,-999.000000,-999.000000,-999.000000,-999.000000,-999.000000,0.299141,-999.000000,-999.000000,0.339355,-999.000000,-999.000000,0.398220,0.437025,2.721366,-999.000000,-999.000000,-999.000000,-999.000000,-999.000000,-999.000000,-999.000000,-999.000000,0.002599,0.005923,-999.000000,-999.000000,0.004637,-999.000000,-999.000000,-999.000000,-999.000000,-999.000000,-999.000000,-999.000000,-999.000000,0.008863,-999.000000,-999.000000,0.009761,-999.000000,-999.000000,0.010389,0.012690,0.014147,-999.000000,-999.000000,-999.000000,-999.000000,-999.000000,-999.000000,-999.000000,1.117466,1.050843,1.123644,1.137753,1.001136,-999.000000,lev15,646,Toulon,43.135556,6.009444,50.000000,71.758389,3.167014,22.600000,311.910069,0.212983,21:11:2022,8,-999.,1.021300,0.870800,-999.,-999.,0.674500,-999.,-999.,-999.,-999.,-999.,-999.,-999.,-999.,0.500500,-999.,-999.,0.439400,-999.,-999.,0.381100,0.340800,0.936200,-999.,-999.,-999.,-999.,-999.,-999.,-999.
Toulon,15:08:2022,06:35:17,227,227.274502,-999.000000,0.127208,0.140818,-999.000000,-999.000000,0.187634,-999.000000,-999.000000,-999.000000,-999.000000,-999.000000,-999.000000,-999.000000,-999.000000,0.272360,-999.000000,-999.000000,0.310816,-999.000000,-999.000000,0.368998,0.409799,2.702850,-999.000000,-999.000000,-999.000000,-999.000000,-999.000000,-999.000000,-999.000000,-999.000000,0.000292,0.000957,-999.000000,-999.000000,0.002350,-999.000000,-999.000000,-999.000000,-999.000000,-999.000000,-999.000000,-999.000000,-999.000000,0.001570,-999.000000,-999.000000,0.002371,-999.000000,-999.000000,0.004405,0.004549,0.016004,-999.000000,-999.000000,-999.000000,-999.000000,-999.000000,-999.000000,-999.000000,1.173019,1.115604,1.190017,1.192744,1.093220,-999.000000,lev15,646,Toulon,43.135556,6.009444,50.000000,70.479973,2.970471,23.100000,311.908370,0.212982,21:11:2022,8,-999.,1.021300,0.870800,-999.,-999.,0.674500,-999.,-999.,-999.,-999.,-999.,-999.,-999.,-999.,0.500500,-999.,-999.,0.439400,-999.,-999.,0.381100,0.340800,0.936200,-999.,-999.,-999.,-999.,-999.,-999.,-999.
Toulon,15:08:2022,06:45:10,227,227.281366,-999.000000,0.110092,0.122168,-999.000000,-999.000000,0.164386,-999.000000,-999.000000,-999.000000,-999.000000,-999.000000,-999.000000,-999.000000,-999.000000,0.239371,-999.000000,-999.000000,0.274101,-999.000000,-999.000000,0.331239,0.368126,2.667147,-999.000000,-999.000000,-999.000000,-999.000000,-999.000000,-999.000000,-999.000000,-999.000000,0.003356,0.001132,-999.000000,-999.000000,0.000858,-999.000000,-999.000000,-999.000000,-999.000000,-999.000000,-999.000000,-999.000000,-999.000000,0.002884,-999.000000,-999.000000,0.004014,-999.000000,-999.000000,0.001514,0.004115,0.010866,-999.000000,-999.000000,-999.000000,-999.000000,-999.000000,-999.000000,-999.000000,1.195225,1.193966,1.204540,1.215790,1.168192,-999.000000,lev15,646,Toulon,43.135556,6.009444,50.000000,68.682312,2.733841,24.000000,311.905984,0.212982,21:11:2022,8,-999.,1.021300,0.870800,-999.,-999.,0.674500,-999.,-999.,-999.,-999.,-999.,-999.,-999.,-999.,0.500500,-999.,-999.,0.439400,-999.,-999.,0.381100,0.340800,0.936200,-999.,-999.,-999.,-999.,-999.,-999.,-999.
Toulon,15:08:2022,06:52:09,227,227.286215,-999.000000,0.118165,0.128803,-999.000000,-999.000000,0.171774,-999.000000,-999.000000,-999.000000,-999.000000,-999.000000,-999.000000,-999.000000,-999.000000,0.251172,-999.000000,-999.000000,0.286915,-999.000000,-999.000000,0.345197,0.384356,2.722405,-999.000000,-999.000000,-999.000000,-999.000000,-999.000000,-999.000000,-999.000000,-999.000000,0.004029,0.002322,-999.000000,-999.000000,0.002600,-999.000000,-999.000000,-999.000000,-999.000000,-999.000000,-999.000000,-999.000000,-999.000000,0.005816,-999.000000,-999.000000,0.007963,-999.000000,-999.000000,0.004442,0.005932,0.020639,-999.000000,-999.000000,-999.000000,-999.000000,-999.000000,-999.000000,-999.000000,1.187985,1.168750,1.210281,1.207816,1.157235,-999.000000,lev15,646,Toulon,43.135556,6.009444,50.000000,67.411923,2.589402,24.600000,311.904298,0.212982,21:11:2022,8,-999.,1.021300,0.870800,-999.,-999.,0.674500,-999.,-999.,-999.,-999.,-999.,-999.,-999.,-999.,0.500500,-999.,-999.,0.439400,-999.,-999.,0.381100,0.340800,0.936200,-999.,-999.,-999.,-999.,-999.,-999.,-999.
Toulon,15:08:2022,06:54:14,227,227.287662,-999.000000,0.120978,0.130898,-999.000000,-999.000000,0.177459,-999.000000,-999.000000,-999.000000,-999.000000,-999.000000,-999.000000,-999.000000,-999.000000,0.259885,-999.000000,-999.000000,0.298301,-999.000000,-999.000000,0.359462,0.399912,2.734082,-999.000000,-999.000000,-999.000000,-999.000000,-999.000000,-999.000000,-999.000000,-999.000000,0.000994,0.001981,-999.000000,-999.000000,0.003102,-999.000000,-999.000000,-999.000000,-999.000000,-999.000000,-999.000000,-999.000000,-999.000000,0.006352,-999.000000,-999.000000,0.008146,-999.000000,-999.000000,0.009395,0.008975,0.034559,-999.000000,-999.000000,-999.000000,-999.000000,-999.000000,-999.000000,-999.000000,1.217680,1.192006,1.223439,1.239503,1.160594,-999.000000,lev15,646,Toulon,43.135556,6.009444,50.000000,67.033004,2.549441,24.800000,311.903795,0.212981,21:11:2022,8,-999.,1.021300,0.870800,-999.,-999.,0.674500,-999.,-999.,-999.,-999.,-999.,-999.,-999.,-999.,0.500500,-999.,-999.,0.439400,-999.,-999.,0.381100,0.340800,0.936200,-999.,-999.,-999.,-999.,-999.,-999.,-999.
Toulon,15:08:2022,07:03:36,227,227.294167,-999.000000,0.136232,0.147961,-999.000000,-999.000000,0.196522,-999.000000,-999.000000,-999.000000,-999.000000,-999.000000,-999.000000,-999.000000,-999.000000,0.284188,-999.000000,-999.000000,0.324546,-999.000000,-999.000000,0.388719,0.430426,2.825712,-999.000000,-999.000000,-999.000000,-999.000000,-999.000000,-999.000000,-999.000000,-999.000000,0.003391,0.002619,-999.000000,-999.000000,0.001314,-999.000000,-999.000000,-999.000000,-999.000000,-999.000000,-999.000000,-999.000000,-999.000000,0.003759,-999.000000,-999.000000,0.002297,-999.000000,-999.000000,0.006559,0.005403,0.034113,-999.000000,-999.000000,-999.000000,-999.000000,-999.000000,-999.000000,-999.000000,1.163012,1.151084,1.181933,1.180151,1.118110,-999.000000,lev15,646,Toulon,43.135556,6.009444,50.000000,65.330414,2.385240,25.400000,311.901533,0.212981,21:11:2022,8,-999.,1.021300,0.870800,-999.,-999.,0.674500,-999.,-999.,-999.,-999.,-999.,-999.,-999.,-999.,0.500500,-999.,-999.,0.439400,-999.,-999.,0.381100,0.340800,0.936200,-999.,-999.,-999.,-999.,-999.,-999.,-999.
Toulon,15:08:2022,07:16:42,227,227.303264,-999.000000,0.144258,0.154724,-999.000000,-999.000000,0.203621,-999.000000,-999.000000,-999.000000,-999.000000,-999.000000,-999.000000,-999.000000,-999.000000,0.287789,-999.000000,-999.000000,0.326389,-999.000000,-999.000000,0.389897,0.428968,2.873231,-999.000000,-999.000000,-999.000000,-999.000000,-999.000000,-999.000000,-999.000000,-999.000000,0.001882,0.001356,-999.000000,-999.000000,0.002663,-999.000000,-999.000000,-999.000000,-999.000000,-999.000000,-999.000000,-999.000000,-999.000000,0.003817,-999.000000,-999.000000,0.005128,-999.000000,-999.000000,0.005341,0.005753,0.017742,-999.000000,-999.000000,-999.000000,-999.000000,-999.000000,-999.000000,-999.000000,1.103396,1.116241,1.111116,1.121668,1.083228,-999.000000,lev15,646,Toulon,43.135556,6.009444,50.000000,62.954291,2.191309,26.500000,311.898370,0.212980,21:11:2022,8,-999.,1.021300,0.870800,-999.,-999.,0.674500,-999.,-999.,-999.,-999.,-999.,-999.,-999.,-999.,0.500500,-999.,-999.,0.439400,-999.,-999.,0.381100,0.340800,0.936200,-999.,-999.,-999.,-999.,-999.,-999.,-999.
Toulon,15:08:2022,07:33:06,227,227.314653,-999.000000,0.144044,0.154155,-999.000000,-999.000000,0.198751,-999.000000,-999.000000,-999.000000,-999.000000,-999.000000,-999.000000,-999.000000,-999.000000,0.277863,-999.000000,-999.000000,0.312093,-999.000000,-999.000000,0.374086,0.407186,2.844417,-999.000000,-999.000000,-999.000000,-999.000000,-999.000000,-999.000000,-999.000000,-999.000000,0.008526,0.010260,-999.000000,-999.000000,0.012805,-999.000000,-999.000000,-999.000000,-999.000000,-999.000000,-999.000000,-999.000000,-999.000000,0.017545,-999.000000,-999.000000,0.017476,-999.000000,-999.000000,0.015910,0.015688,0.076787,-999.000000,-999.000000,-999.000000,-999.000000,-999.000000,-999.000000,-999.000000,1.046654,1.093853,1.065089,1.065508,1.056762,-999.000000,lev15,646,Toulon,43.135556,6.009444,50.000000,59.994074,1.993933,27.500000,311.894410,0.212980,21:11:2022,8,-999.,1.021300,0.870800,-999.,-999.,0.674500,-999.,-999.,-999.,-999.,-999.,-999.,-999.,-999.,0.500500,-999.,-999.,0.439400,-999.,-999.,0.381100,0.340800,0.936200,-999.,-999.,-999.,-999.,-999.,-999.,-999.
Toulon,15:08:2022,14:56:34,227,227.622616,-999.000000,0.104703,0.107013,-999.000000,-999.000000,0.145520,-999.000000,-999.000000,-999.000000,-999.000000,-999.000000,-999.000000,-999.000000,-999.000000,0.213790,-999.000000,-999.000000,0.241533,-999.000000,-999.000000,0.304390,0.332378,2.880764,-999.000000,-999.000000,-999.000000,-999.000000,-999.000000,-999.000000,-999.000000,-999.000000,0.001426,0.000933,-999.000000,-999.000000,0.001608,-999.000000,-999.000000,-999.000000,-999.000000,-999.000000,-999.000000,-999.000000,-999.000000,0.001783,-999.000000,-999.000000,0.000615,-999.000000,-999.000000,0.002512,0.001542,0.006889,-999.000000,-999.000000,-999.000000,-999.000000,-999.000000,-999.000000,-999.000000,1.209789,1.301450,1.200842,1.250717,1.272885,-999.000000,lev15,646,Toulon,43.135556,6.009444,50.000000,51.011976,1.586915,36.000000,311.787327,0.212960,21:11:2022,8,-999.,1.021300,0.870800,-999.,-999.,0.674500,-999.,-999.,-999.,-999.,-999.,-999.,-999.,-999.,0.500500,-999.,-999.,0.439400,-999.,-999.,0.381100,0.340800,0.936200,-999.,-999.,-999.,-999.,-999.,-999.,-999.
Toulon,15:08:2022,16:06:30,227,227.671181,-999.000000,0.107313,0.111421,-999.000000,-999.000000,0.145402,-999.000000,-999.000000,-999.000000,-999.000000,-999.000000,-999.000000,-999.000000,-999.000000,0.208006,-999.000000,-999.000000,0.235679,-999.000000,-999.000000,0.288694,0.318067,2.700837,-999.000000,-999.000000,-999.000000,-999.000000,-999.000000,-999.000000,-999.000000,-999.000000,0.001784,0.000766,-999.000000,-999.000000,0.000477,-999.000000,-999.000000,-999.000000,-999.000000,-999.000000,-999.000000,-999.000000,-999.000000,0.000503,-999.000000,-999.000000,0.001128,-999.000000,-999.000000,0.002123,0.002147,0.031753,-999.000000,-999.000000,-999.000000,-999.000000,-999.000000,-999.000000,-999.000000,1.112229,1.206197,1.139621,1.129221,1.190729,-999.000000,lev15,646,Toulon,43.135556,6.009444,50.000000,63.443952,2.228359,35.400000,311.770441,0.212957,21:11:2022,8,-999.,1.021300,0.870800,-999.,-999.,0.674500,-999.,-999.,-999.,-999.,-999.,-999.,-999.,-999.,0.500500,-999.,-999.,0.439400,-999.,-999.,0.381100,0.340800,0.936200,-999.,-999.,-999.,-999.,-999.,-999.,-999.
Toulon,15:08:2022,16:19:41,227,227.680336,-999.000000,0.110323,0.116961,-999.000000,-999.000000,0.149854,-999.000000,-999.000000,-999.000000,-999.000000,-999.000000,-999.000000,-999.000000,-999.000000,0.212318,-999.000000,-999.000000,0.238851,-999.000000,-999.000000,0.290936,0.321080,2.733580,-999.000000,-999.000000,-999.000000,-999.000000,-999.000000,-999.000000,-999.000000,-999.000000,0.001196,0.000300,-999.000000,-999.000000,0.000440,-999.000000,-999.000000,-999.000000,-999.000000,-999.000000,-999.000000,-999.000000,-999.000000,0.001322,-999.000000,-999.000000,0.001104,-999.000000,-999.000000,0.000514,0.001306,0.034213,-999.000000,-999.000000,-999.000000,-999.000000,-999.000000,-999.000000,-999.000000,1.063320,1.159393,1.101636,1.079173,1.174153,-999.000000,lev15,646,Toulon,43.135556,6.009444,50.000000,65.839936,2.431912,35.100000,311.767257,0.212956,21:11:2022,8,-999.,1.021300,0.870800,-999.,-999.,0.674500,-999.,-999.,-999.,-999.,-999.,-999.,-999.,-999.,0.500500,-999.,-999.,0.439400,-999.,-999.,0.381100,0.340800,0.936200,-999.,-999.,-999.,-999.,-999.,-999.,-999.
Toulon,15:08:2022,16:30:41,227,227.687975,-999.000000,0.108525,0.113971,-999.000000,-999.000000,0.147328,-999.000000,-999.000000,-999.000000,-999.000000,-999.000000,-999.000000,-999.000000,-999.000000,0.210121,-999.000000,-999.000000,0.238320,-999.000000,-999.000000,0.289048,0.320103,2.660914,-999.000000,-999.000000,-999.000000,-999.000000,-999.000000,-999.000000,-999.000000,-999.000000,0.001896,0.000818,-999.000000,-999.000000,0.000449,-999.000000,-999.000000,-999.000000,-999.000000,-999.000000,-999.000000,-999.000000,-999.000000,0.002420,-999.000000,-999.000000,0.002516,-999.000000,-999.000000,0.003348,0.004909,0.027913,-999.000000,-999.000000,-999.000000,-999.000000,-999.000000,-999.000000,-999.000000,1.095559,1.172990,1.133967,1.106988,1.169710,-999.000000,lev15,646,Toulon,43.135556,6.009444,50.000000,67.843091,2.636553,34.700000,311.764601,0.212956,21:11:2022,8,-999.,1.021300,0.870800,-999.,-999.,0.674500,-999.,-999.,-999.,-999.,-999.,-999.,-999.,-999.,0.500500,-999.,-999.,0.439400,-999.,-999.,0.381100,0.340800,0.936200,-999.,-999.,-999.,-999.,-999.,-999.,-999.
Toulon,15:08:2022,16:40:04,227,227.694491,-999.000000,0.107755,0.114192,-999.000000,-999.000000,0.146134,-999.000000,-999.000000,-999.000000,-999.000000,-999.000000,-999.000000,-999.000000,-999.000000,0.209013,-999.000000,-999.000000,0.236136,-999.000000,-999.000000,0.285646,0.316827,2.629706,-999.000000,-999.000000,-999.000000,-999.000000,-999.000000,-999.000000,-999.000000,-999.000000,0.001932,0.000585,-999.000000,-999.000000,0.000336,-999.000000,-999.000000,-999.000000,-999.000000,-999.000000,-999.000000,-999.000000,-999.000000,0.001438,-999.000000,-999.000000,0.001283,-999.000000,-999.000000,0.003047,0.003094,0.038818,-999.000000,-999.000000,-999.000000,-999.000000,-999.000000,-999.000000,-999.000000,1.082882,1.149041,1.133561,1.094568,1.164828,-999.000000,lev15,646,Toulon,43.135556,6.009444,50.000000,69.552734,2.843221,34.300000,311.762335,0.212955,21:11:2022,8,-999.,1.021300,0.870800,-999.,-999.,0.674500,-999.,-999.,-999.,-999.,-999.,-999.,-999.,-999.,0.500500,-999.,-999.,0.439400,-999.,-999.,0.381100,0.340800,0.936200,-999.,-999.,-999.,-999.,-999.,-999.,-999.
Toulon,15:08:2022,16:47:59,227,227.699988,-999.000000,0.104459,0.110982,-999.000000,-999.000000,0.143098,-999.000000,-999.000000,-999.000000,-999.000000,-999.000000,-999.000000,-999.000000,-999.000000,0.205655,-999.000000,-999.000000,0.233603,-999.000000,-999.000000,0.282953,0.314864,2.544753,-999.000000,-999.000000,-999.000000,-999.000000,-999.000000,-999.000000,-999.000000,-999.000000,0.000196,0.000648,-999.000000,-999.000000,0.001093,-999.000000,-999.000000,-999.000000,-999.000000,-999.000000,-999.000000,-999.000000,-999.000000,0.001077,-999.000000,-999.000000,0.000899,-999.000000,-999.000000,0.002659,0.002674,0.021452,-999.000000,-999.000000,-999.000000,-999.000000,-999.000000,-999.000000,-999.000000,1.107117,1.173471,1.156047,1.116629,1.182417,-999.000000,lev15,646,Toulon,43.135556,6.009444,50.000000,70.994670,3.046444,33.900000,311.760424,0.212955,21:11:2022,8,-999.,1.021300,0.870800,-999.,-999.,0.674500,-999.,-999.,-999.,-999.,-999.,-999.,-999.,-999.,0.500500,-999.,-999.,0.439400,-999.,-999.,0.381100,0.340800,0.936200,-999.,-999.,-999.,-999.,-999.,-999.,-999.
Toulon,15:08:2022,16:56:27,227,227.705868,-999.000000,0.105255,0.113240,-999.000000,-999.000000,0.146201,-999.000000,-999.000000,-999.000000,-999.000000,-999.000000,-999.000000,-999.000000,-999.000000,0.209744,-999.000000,-999.000000,0.239451,-999.000000,-999.000000,0.289519,0.323512,2.553125,-999.000000,-999.000000,-999.000000,-999.000000,-999.000000,-999.000000,-999.000000,-999.000000,0.001975,0.001567,-999.000000,-999.000000,0.001290,-999.000000,-999.000000,-999.000000,-999.000000,-999.000000,-999.000000,-999.000000,-999.000000,0.002068,-999.000000,-999.000000,0.001090,-999.000000,-999.000000,0.002134,0.001875,0.021815,-999.000000,-999.000000,-999.000000,-999.000000,-999.000000,-999.000000,-999.000000,1.111327,1.185030,1.161340,1.115669,1.190757,-999.000000,lev15,646,Toulon,43.135556,6.009444,50.000000,72.535424,3.300384,33.600000,311.758379,0.212954,21:11:2022,8,-999.,1.021300,0.870800,-999.,-999.,0.674500,-999.,-999.,-999.,-999.,-999.,-999.,-999.,-999.,0.500500,-999.,-999.,0.439400,-999.,-999.,0.381100,0.340800,0.936200,-999.,-999.,-999.,-999.,-999.,-999.,-999.
Toulon,15:08:2022,17:06:10,227,227.712616,-999.000000,0.102755,0.110449,-999.000000,-999.000000,0.142654,-999.000000,-999.000000,-999.000000,-999.000000,-999.000000,-999.000000,-999.000000,-999.000000,0.203845,-999.000000,-999.000000,0.232886,-999.000000,-999.000000,0.281364,0.314055,2.494289,-999.000000,-999.000000,-999.000000,-999.000000,-999.000000,-999.000000,-999.000000,-999.000000,0.002112,0.000183,-999.000000,-999.000000,0.001478,-999.000000,-999.000000,-999.000000,-999.000000,-999.000000,-999.000000,-999.000000,-999.000000,0.001370,-999.000000,-999.000000,0.001021,-999.000000,-999.000000,0.001576,0.003103,0.013248,-999.000000,-999.000000,-999.000000,-999.000000,-999.000000,-999.000000,-999.000000,1.105744,1.184767,1.152781,1.109029,1.183498,-999.000000,lev15,646,Toulon,43.135556,6.009444,50.000000,74.300219,3.651407,33.300000,311.756033,0.212954,21:11:2022,8,-999.,1.021300,0.870800,-999.,-999.,0.674500,-999.,-999.,-999.,-999.,-999.,-999.,-999.,-999.,0.500500,-999.,-999.,0.439400,-999.,-999.,0.381100,0.340800,0.936200,-999.,-999.,-999.,-999.,-999.,-999.,-999.
Toulon,15:08:2022,17:08:10,227,227.714005,-999.000000,0.103559,0.111196,-999.000000,-999.000000,0.143829,-999.000000,-999.000000,-999.000000,-999.000000,-999.000000,-999.000000,-999.000000,-999.000000,0.205448,-999.000000,-999.000000,0.235136,-999.000000,-999.000000,0.283386,0.316842,2.511789,-999.000000,-999.000000,-999.000000,-999.000000,-999.000000,-999.000000,-999.000000,-999.000000,0.000552,0.000665,-999.000000,-999.000000,0.001434,-999.000000,-999.000000,-999.000000,-999.000000,-999.000000,-999.000000,-999.000000,-999.000000,0.000595,-999.000000,-999.000000,0.000560,-999.000000,-999.000000,0.001148,0.001762,0.009264,-999.000000,-999.000000,-999.000000,-999.000000,-999.000000,-999.000000,-999.000000,1.108999,1.182081,1.155288,1.110915,1.179789,-999.000000,lev15,646,Toulon,43.135556,6.009444,50.000000,74.662866,3.733301,33.300000,311.755550,0.212954,21:11:2022,8,-999.,1.021300,0.870800,-999.,-999.,0.674500,-999.,-999.,-999.,-999.,-999.,-999.,-999.,-999.,0.500500,-999.,-999.,0.439400,-999.,-999.,0.381100,0.340800,0.936200,-999.,-999.,-999.,-999.,-999.,-999.,-999.
Toulon,15:08:2022,17:11:07,227,227.716053,-999.000000,0.103090,0.111672,-999.000000,-999.000000,0.143670,-999.000000,-999.000000,-999.000000,-999.000000,-999.000000,-999.000000,-999.000000,-999.000000,0.205149,-999.000000,-999.000000,0.234547,-999.000000,-999.000000,0.282587,0.315769,2.530824,-999.000000,-999.000000,-999.000000,-999.000000,-999.000000,-999.000000,-999.000000,-999.000000,0.002089,0.001573,-999.000000,-999.000000,0.000699,-999.000000,-999.000000,-999.000000,-999.000000,-999.000000,-999.000000,-999.000000,-999.000000,0.001781,-999.000000,-999.000000,0.001366,-999.000000,-999.000000,0.002253,0.002677,0.039085,-999.000000,-999.000000,-999.000000,-999.000000,-999.000000,-999.000000,-999.000000,1.100130,1.177106,1.152386,1.100837,1.176375,-999.000000,lev15,646,Toulon,43.135556,6.009444,50.000000,75.197322,3.861092,33.200000,311.754838,0.212954,21:11:2022,8,-999.,1.021300,0.870800,-999.,-999.,0.674500,-999.,-999.,-999.,-999.,-999.,-999.,-999.,-999.,0.500500,-999.,-999.,0.439400,-999.,-999.,0.381100,0.340800,0.936200,-999.,-999.,-999.,-999.,-999.,-999.,-999.
Toulon,15:08:2022,17:15:25,227,227.719039,-999.000000,0.101569,0.110386,-999.000000,-999.000000,0.142757,-999.000000,-999.000000,-999.000000,-999.000000,-999.000000,-999.000000,-999.000000,-999.000000,0.205311,-999.000000,-999.000000,0.235209,-999.000000,-999.000000,0.283081,0.317954,2.523289,-999.000000,-999.000000,-999.000000,-999.000000,-999.000000,-999.000000,-999.000000,-999.000000,0.001409,0.000528,-999.000000,-999.000000,0.000984,-999.000000,-999.000000,-999.000000,-999.000000,-999.000000,-999.000000,-999.000000,-999.000000,0.000024,-999.000000,-999.000000,0.001211,-999.000000,-999.000000,0.001710,0.001104,0.015464,-999.000000,-999.000000,-999.000000,-999.000000,-999.000000,-999.000000,-999.000000,1.121698,1.180445,1.174270,1.123210,1.191370,-999.000000,lev15,646,Toulon,43.135556,6.009444,50.000000,75.975307,4.063923,33.100000,311.753800,0.212954,21:11:2022,8,-999.,1.021300,0.870800,-999.,-999.,0.674500,-999.,-999.,-999.,-999.,-999.,-999.,-999.,-999.,0.500500,-999.,-999.,0.439400,-999.,-999.,0.381100,0.340800,0.936200,-999.,-999.,-999.,-999.,-999.,-999.,-999.
Toulon,15:08:2022,17:25:55,227,227.726331,-999.000000,0.095510,0.105134,-999.000000,-999.000000,0.135953,-999.000000,-999.000000,-999.000000,-999.000000,-999.000000,-999.000000,-999.000000,-999.000000,0.197206,-999.000000,-999.000000,0.226794,-999.000000,-999.000000,0.273229,0.307427,2.503393,-999.000000,-999.000000,-999.000000,-999.000000,-999.000000,-999.000000,-999.000000,-999.000000,0.002591,0.001252,-999.000000,-999.000000,0.001238,-999.000000,-999.000000,-999.000000,-999.000000,-999.000000,-999.000000,-999.000000,-999.000000,0.001430,-999.000000,-999.000000,0.001461,-999.000000,-999.000000,0.003245,0.004152,0.035135,-999.000000,-999.000000,-999.000000,-999.000000,-999.000000,-999.000000,-999.000000,1.140705,1.198092,1.203167,1.138880,1.202066,-999.000000,lev15,646,Toulon,43.135556,6.009444,50.000000,77.868771,4.661271,32.700000,311.751264,0.212953,21:11:2022,8,-999.,1.021300,0.870800,-999.,-999.,0.674500,-999.,-999.,-999.,-999.,-999.,-999.,-999.,-999.,0.500500,-999.,-999.,0.439400,-999.,-999.,0.381100,0.340800,0.936200,-999.,-999.,-999.,-999.,-999.,-999.,-999.
Toulon,15:08:2022,17:31:39,227,227.730312,-999.000000,0.090949,0.100824,-999.000000,-999.000000,0.131544,-999.000000,-999.000000,-999.000000,-999.000000,-999.000000,-999.000000,-999.000000,-999.000000,0.192997,-999.000000,-999.000000,0.222892,-999.000000,-999.000000,0.269160,0.305066,2.477817,-999.000000,-999.000000,-999.000000,-999.000000,-999.000000,-999.000000,-999.000000,-999.000000,0.000896,0.000940,-999.000000,-999.000000,0.000619,-999.000000,-999.000000,-999.000000,-999.000000,-999.000000,-999.000000,-999.000000,-999.000000,0.001137,-999.000000,-999.000000,0.001132,-999.000000,-999.000000,0.000836,0.001855,0.040420,-999.000000,-999.000000,-999.000000,-999.000000,-999.000000,-999.000000,-999.000000,1.176918,1.222096,1.239897,1.175545,1.239066,-999.000000,lev15,646,Toulon,43.135556,6.009444,50.000000,78.898135,5.066529,32.400000,311.749880,0.212953,21:11:2022,8,-999.,1.021300,0.870800,-999.,-999.,0.674500,-999.,-999.,-999.,-999.,-999.,-999.,-999.,-999.,0.500500,-999.,-999.,0.439400,-999.,-999.,0.381100,0.340800,0.936200,-999.,-999.,-999.,-999.,-999.,-999.,-999.
Toulon,15:08:2022,17:37:39,227,227.734479,-999.000000,0.091890,0.102075,-999.000000,-999.000000,0.133865,-999.000000,-999.000000,-999.000000,-999.000000,-999.000000,-999.000000,-999.000000,-999.000000,0.196854,-999.000000,-999.000000,0.228076,-999.000000,-999.000000,0.273909,0.312356,2.460542,-999.000000,-999.000000,-999.000000,-999.000000,-999.000000,-999.000000,-999.000000,-999.000000,0.001420,0.001201,-999.000000,-999.000000,0.001535,-999.000000,-999.000000,-999.000000,-999.000000,-999.000000,-999.000000,-999.000000,-999.000000,0.002159,-999.000000,-999.000000,0.002570,-999.000000,-999.000000,0.004158,0.004160,0.051113,-999.000000,-999.000000,-999.000000,-999.000000,-999.000000,-999.000000,-999.000000,1.191262,1.213194,1.251851,1.188849,1.239684,-999.000000,lev15,646,Toulon,43.135556,6.009444,50.000000,79.971218,5.571062,32.200000,311.748431,0.212953,21:11:2022,8,-999.,1.021300,0.870800,-999.,-999.,0.674500,-999.,-999.,-999.,-999.,-999.,-999.,-999.,-999.,0.500500,-999.,-999.,0.439400,-999.,-999.,0.381100,0.340800,0.936200,-999.,-999.,-999.,-999.,-999.,-999.,-999.
Toulon,15:08:2022,17:42:34,227,227.737894,-999.000000,0.091287,0.101108,-999.000000,-999.000000,0.133099,-999.000000,-999.000000,-999.000000,-999.000000,-999.000000,-999.000000,-999.000000,-999.000000,0.196092,-999.000000,-999.000000,0.227941,-999.000000,-999.000000,0.275026,0.312081,2.445229,-999.000000,-999.000000,-999.000000,-999.000000,-999.000000,-999.000000,-999.000000,-999.000000,0.000166,0.000461,-999.000000,-999.000000,0.000453,-999.000000,-999.000000,-999.000000,-999.000000,-999.000000,-999.000000,-999.000000,-999.000000,0.001460,-999.000000,-999.000000,0.001354,-999.000000,-999.000000,0.001870,0.002809,0.049178,-999.000000,-999.000000,-999.000000,-999.000000,-999.000000,-999.000000,-999.000000,1.203113,1.242409,1.262869,1.198923,1.240054,-999.000000,lev15,646,Toulon,43.135556,6.009444,50.000000,80.846873,6.062719,32.000000,311.747244,0.212952,21:11:2022,8,-999.,1.021300,0.870800,-999.,-999.,0.674500,-999.,-999.,-999.,-999.,-999.,-999.,-999.,-999.,0.500500,-999.,-999.,0.439400,-999.,-999.,0.381100,0.340800,0.936200,-999.,-999.,-999.,-999.,-999.,-999.,-999.
Toulon,15:08:2022,17:46:39,227,227.740729,-999.000000,0.090794,0.101130,-999.000000,-999.000000,0.133233,-999.000000,-999.000000,-999.000000,-999.000000,-999.000000,-999.000000,-999.000000,-999.000000,0.197966,-999.000000,-999.000000,0.230839,-999.000000,-999.000000,0.275243,0.317894,2.435472,-999.000000,-999.000000,-999.000000,-999.000000,-999.000000,-999.000000,-999.000000,-999.000000,0.000774,0.000609,-999.000000,-999.000000,0.000836,-999.000000,-999.000000,-999.000000,-999.000000,-999.000000,-999.000000,-999.000000,-999.000000,0.001923,-999.000000,-999.000000,0.002298,-999.000000,-999.000000,0.002971,0.004883,0.052238,-999.000000,-999.000000,-999.000000,-999.000000,-999.000000,-999.000000,-999.000000,1.222388,1.209603,1.290237,1.216035,1.258226,-999.000000,lev15,646,Toulon,43.135556,6.009444,50.000000,81.571221,6.538694,31.800000,311.746258,0.212952,21:11:2022,8,-999.,1.021300,0.870800,-999.,-999.,0.674500,-999.,-999.,-999.,-999.,-999.,-999.,-999.,-999.,0.500500,-999.,-999.,0.439400,-999.,-999.,0.381100,0.340800,0.936200,-999.,-999.,-999.,-999.,-999.,-999.,-999.
Toulon,16:08:2022,05:34:02,228,228.231968,-999.000000,0.073379,0.085728,-999.000000,-999.000000,0.124775,-999.000000,-999.000000,-999.000000,-999.000000,-999.000000,-999.000000,-999.000000,-999.000000,0.201138,-999.000000,-999.000000,0.241228,-999.000000,-999.000000,0.292987,0.337615,2.411486,-999.000000,-999.000000,-999.000000,-999.000000,-999.000000,-999.000000,-999.000000,-999.000000,0.000632,0.000252,-999.000000,-999.000000,0.000899,-999.000000,-999.000000,-999.000000,-999.000000,-999.000000,-999.000000,-999.000000,-999.000000,0.001524,-999.000000,-999.000000,0.001925,-999.000000,-999.000000,0.005767,0.004095,0.050609,-999.000000,-999.000000,-999.000000,-999.000000,-999.000000,-999.000000,-999.000000,1.526816,1.379855,1.548988,1.541592,1.324783,-999.000000,lev15,646,Toulon,43.135556,6.009444,50.000000,81.680722,6.617073,22.200000,311.573614,0.213318,10:05:2024,8,-999.,1.021300,0.870800,-999.,-999.,0.674500,-999.,-999.,-999.,-999.,-999.,-999.,-999.,-999.,0.500500,-999.,-999.,0.439400,-999.,-999.,0.381100,0.340800,0.936200,-999.,-999.,-999.,-999.,-999.,-999.,-999.
Toulon,16:08:2022,05:37:31,228,228.234387,-999.000000,0.070195,0.083259,-999.000000,-999.000000,0.120066,-999.000000,-999.000000,-999.000000,-999.000000,-999.000000,-999.000000,-999.000000,-999.000000,0.193449,-999.000000,-999.000000,0.230519,-999.000000,-999.000000,0.279628,0.320207,2.376604,-999.000000,-999.000000,-999.000000,-999.000000,-999.000000,-999.000000,-999.000000,-999.000000,0.002564,0.003245,-999.000000,-999.000000,0.004835,-999.000000,-999.000000,-999.000000,-999.000000,-999.000000,-999.000000,-999.000000,-999.000000,0.008392,-999.000000,-999.000000,0.011110,-999.000000,-999.000000,0.017352,0.022024,0.042291,-999.000000,-999.000000,-999.000000,-999.000000,-999.000000,-999.000000,-999.000000,1.506631,1.351934,1.535322,1.524421,1.296093,-999.000000,lev15,646,Toulon,43.135556,6.009444,50.000000,81.063923,6.198061,22.400000,311.572769,0.213319,10:05:2024,8,-999.,1.021300,0.870800,-999.,-999.,0.674500,-999.,-999.,-999.,-999.,-999.,-999.,-999.,-999.,0.500500,-999.,-999.,0.439400,-999.,-999.,0.381100,0.340800,0.936200,-999.,-999.,-999.,-999.,-999.,-999.,-999.
Toulon,16:08:2022,05:41:42,228,228.237292,-999.000000,0.071548,0.083939,-999.000000,-999.000000,0.121643,-999.000000,-999.000000,-999.000000,-999.000000,-999.000000,-999.000000,-999.000000,-999.000000,0.196693,-999.000000,-999.000000,0.234812,-999.000000,-999.000000,0.286905,0.329475,2.419652,-999.000000,-999.000000,-999.000000,-999.000000,-999.000000,-999.000000,-999.000000,-999.000000,0.000294,0.000187,-999.000000,-999.000000,0.000456,-999.000000,-999.000000,-999.000000,-999.000000,-999.000000,-999.000000,-999.000000,-999.000000,0.000826,-999.000000,-999.000000,0.001364,-999.000000,-999.000000,0.004530,0.003422,0.042677,-999.000000,-999.000000,-999.000000,-999.000000,-999.000000,-999.000000,-999.000000,1.521367,1.385464,1.547821,1.539673,1.336265,-999.000000,lev15,646,Toulon,43.135556,6.009444,50.000000,80.320583,5.757484,22.500000,311.571755,0.213319,10:05:2024,8,-999.,1.021300,0.870800,-999.,-999.,0.674500,-999.,-999.,-999.,-999.,-999.,-999.,-999.,-999.,0.500500,-999.,-999.,0.439400,-999.,-999.,0.381100,0.340800,0.936200,-999.,-999.,-999.,-999.,-999.,-999.,-999.
Toulon,16:08:2022,05:46:34,228,228.240671,-999.000000,0.071910,0.083550,-999.000000,-999.000000,0.120917,-999.000000,-999.000000,-999.000000,-999.000000,-999.000000,-999.000000,-999.000000,-999.000000,0.194659,-999.000000,-999.000000,0.232487,-999.000000,-999.000000,0.283024,0.325299,2.454951,-999.000000,-999.000000,-999.000000,-999.000000,-999.000000,-999.000000,-999.000000,-999.000000,0.000937,0.000232,-999.000000,-999.000000,0.001503,-999.000000,-999.000000,-999.000000,-999.000000,-999.000000,-999.000000,-999.000000,-999.000000,0.000570,-999.000000,-999.000000,0.001479,-999.000000,-999.000000,0.002016,0.003055,0.033509,-999.000000,-999.000000,-999.000000,-999.000000,-999.000000,-999.000000,-999.000000,1.512408,1.373411,1.537607,1.529164,1.324557,-999.000000,lev15,646,Toulon,43.135556,6.009444,50.000000,79.452665,5.315378,22.600000,311.570575,0.213320,10:05:2024,8,-999.,1.021300,0.870800,-999.,-999.,0.674500,-999.,-999.,-999.,-999.,-999.,-999.,-999.,-999.,0.500500,-999.,-999.,0.439400,-999.,-999.,0.381100,0.340800,0.936200,-999.,-999.,-999.,-999.,-999.,-999.,-999.
Toulon,16:08:2022,05:52:24,228,228.244722,-999.000000,0.074581,0.085581,-999.000000,-999.000000,0.124038,-999.000000,-999.000000,-999.000000,-999.000000,-999.000000,-999.000000,-999.000000,-999.000000,0.197449,-999.000000,-999.000000,0.235534,-999.000000,-999.000000,0.286591,0.327150,2.486971,-999.000000,-999.000000,-999.000000,-999.000000,-999.000000,-999.000000,-999.000000,-999.000000,0.002527,0.002154,-999.000000,-999.000000,0.003386,-999.000000,-999.000000,-999.000000,-999.000000,-999.000000,-999.000000,-999.000000,-999.000000,0.005421,-999.000000,-999.000000,0.006145,-999.000000,-999.000000,0.006907,0.007961,0.011981,-999.000000,-999.000000,-999.000000,-999.000000,-999.000000,-999.000000,-999.000000,1.493438,1.367183,1.507039,1.510931,1.296782,-999.000000,lev15,646,Toulon,43.135556,6.009444,50.000000,78.408446,4.865308,22.800000,311.569160,0.213321,10:05:2024,8,-999.,1.021300,0.870800,-999.,-999.,0.674500,-999.,-999.,-999.,-999.,-999.,-999.,-999.,-999.,0.500500,-999.,-999.,0.439400,-999.,-999.,0.381100,0.340800,0.936200,-999.,-999.,-999.,-999.,-999.,-999.,-999.
Toulon,16:08:2022,05:59:39,228,228.249757,-999.000000,0.072298,0.082390,-999.000000,-999.000000,0.119491,-999.000000,-999.000000,-999.000000,-999.000000,-999.000000,-999.000000,-999.000000,-999.000000,0.189960,-999.000000,-999.000000,0.226157,-999.000000,-999.000000,0.276524,0.316069,2.459578,-999.000000,-999.000000,-999.000000,-999.000000,-999.000000,-999.000000,-999.000000,-999.000000,0.000269,0.001289,-999.000000,-999.000000,0.000372,-999.000000,-999.000000,-999.000000,-999.000000,-999.000000,-999.000000,-999.000000,-999.000000,0.001647,-999.000000,-999.000000,0.001076,-999.000000,-999.000000,0.000715,0.000794,0.012345,-999.000000,-999.000000,-999.000000,-999.000000,-999.000000,-999.000000,-999.000000,1.489846,1.378226,1.499947,1.509636,1.321510,-999.000000,lev15,646,Toulon,43.135556,6.009444,50.000000,77.105573,4.400383,23.000000,311.567402,0.213323,10:05:2024,8,-999.,1.021300,0.870800,-999.,-999.,0.674500,-999.,-999.,-999.,-999.,-999.,-999.,-999.,-999.,0.500500,-999.,-999.,0.439400,-999.,-999.,0.381100,0.340800,0.936200,-999.,-999.,-999.,-999.,-999.,-999.,-999.
Toulon,16:08:2022,06:08:50,228,228.256134,-999.000000,0.070667,0.079484,-999.000000,-999.000000,0.115819,-999.000000,-999.000000,-999.000000,-999.000000,-999.000000,-999.000000,-999.000000,-999.000000,0.185138,-999.000000,-999.000000,0.220882,-999.000000,-999.000000,0.271204,0.309539,2.416679,-999.000000,-999.000000,-999.000000,-999.000000,-999.000000,-999.000000,-999.000000,-999.000000,0.001064,0.000669,-999.000000,-999.000000,0.000797,-999.000000,-999.000000,-999.000000,-999.000000,-999.000000,-999.000000,-999.000000,-999.000000,0.001898,-999.000000,-999.000000,0.001619,-999.000000,-999.000000,0.001832,0.002884,0.004438,-999.000000,-999.000000,-999.000000,-999.000000,-999.000000,-999.000000,-999.000000,1.507955,1.401395,1.517815,1.528057,1.333056,-999.000000,lev15,646,Toulon,43.135556,6.009444,50.000000,75.448687,3.924335,23.300000,311.565175,0.213324,10:05:2024,8,-999.,1.021300,0.870800,-999.,-999.,0.674500,-999.,-999.,-999.,-999.,-999.,-999.,-999.,-999.,0.500500,-999.,-999.,0.439400,-999.,-999.,0.381100,0.340800,0.936200,-999.,-999.,-999.,-999.,-999.,-999.,-999.
Toulon,16:08:2022,06:18:02,228,228.262523,-999.000000,0.073165,0.080577,-999.000000,-999.000000,0.116400,-999.000000,-999.000000,-999.000000,-999.000000,-999.000000,-999.000000,-999.000000,-999.000000,0.184317,-999.000000,-999.000000,0.219146,-999.000000,-999.000000,0.268812,0.306241,2.414287,-999.000000,-999.000000,-999.000000,-999.000000,-999.000000,-999.000000,-999.000000,-999.000000,0.000863,0.000273,-999.000000,-999.000000,0.001128,-999.000000,-999.000000,-999.000000,-999.000000,-999.000000,-999.000000,-999.000000,-999.000000,0.000239,-999.000000,-999.000000,0.000439,-999.000000,-999.000000,0.000723,0.000867,0.011486,-999.000000,-999.000000,-999.000000,-999.000000,-999.000000,-999.000000,-999.000000,1.476293,1.385329,1.487462,1.495411,1.322156,-999.000000,lev15,646,Toulon,43.135556,6.009444,50.000000,73.783060,3.540799,24.100000,311.562944,0.213326,10:05:2024,8,-999.,1.021300,0.870800,-999.,-999.,0.674500,-999.,-999.,-999.,-999.,-999.,-999.,-999.,-999.,0.500500,-999.,-999.,0.439400,-999.,-999.,0.381100,0.340800,0.936200,-999.,-999.,-999.,-999.,-999.,-999.,-999.
Toulon,16:08:2022,06:20:03,228,228.263924,-999.000000,0.073004,0.080574,-999.000000,-999.000000,0.115841,-999.000000,-999.000000,-999.000000,-999.000000,-999.000000,-999.000000,-999.000000,-999.000000,0.183641,-999.000000,-999.000000,0.217502,-999.000000,-999.000000,0.267888,0.304727,2.415849,-999.000000,-999.000000,-999.000000,-999.000000,-999.000000,-999.000000,-999.000000,-999.000000,0.000569,0.000208,-999.000000,-999.000000,0.000413,-999.000000,-999.000000,-999.000000,-999.000000,-999.000000,-999.000000,-999.000000,-999.000000,0.001265,-999.000000,-999.000000,0.001603,-999.000000,-999.000000,0.002703,0.002130,0.027982,-999.000000,-999.000000,-999.000000,-999.000000,-999.000000,-999.000000,-999.000000,1.467705,1.386633,1.482882,1.489112,1.333114,-999.000000,lev15,646,Toulon,43.135556,6.009444,50.000000,73.417342,3.466652,24.200000,311.562455,0.213326,10:05:2024,8,-999.,1.021300,0.870800,-999.,-999.,0.674500,-999.,-999.,-999.,-999.,-999.,-999.,-999.,-999.,0.500500,-999.,-999.,0.439400,-999.,-999.,0.381100,0.340800,0.936200,-999.,-999.,-999.,-999.,-999.,-999.,-999.
Toulon,16:08:2022,06:23:11,228,228.266100,-999.000000,0.072788,0.082339,-999.000000,-999.000000,0.117834,-999.000000,-999.000000,-999.000000,-999.000000,-999.000000,-999.000000,-999.000000,-999.000000,0.186701,-999.000000,-999.000000,0.220505,-999.000000,-999.000000,0.272707,0.308791,2.460453,-999.000000,-999.000000,-999.000000,-999.000000,-999.000000,-999.000000,-999.000000,-999.000000,0.002714,0.000708,-999.000000,-999.000000,0.001085,-999.000000,-999.000000,-999.000000,-999.000000,-999.000000,-999.000000,-999.000000,-999.000000,0.001273,-999.000000,-999.000000,0.000175,-999.000000,-999.000000,0.002872,0.001795,0.016858,-999.000000,-999.000000,-999.000000,-999.000000,-999.000000,-999.000000,-999.000000,1.457594,1.391774,1.476119,1.480044,1.332660,-999.000000,lev15,646,Toulon,43.135556,6.009444,50.000000,72.848762,3.357533,24.400000,311.561695,0.213327,10:05:2024,8,-999.,1.021300,0.870800,-999.,-999.,0.674500,-999.,-999.,-999.,-999.,-999.,-999.,-999.,-999.,0.500500,-999.,-999.,0.439400,-999.,-999.,0.381100,0.340800,0.936200,-999.,-999.,-999.,-999.,-999.,-999.,-999.
Toulon,16:08:2022,06:29:12,228,228.270278,-999.000000,0.073167,0.082661,-999.000000,-999.000000,0.118867,-999.000000,-999.000000,-999.000000,-999.000000,-999.000000,-999.000000,-999.000000,-999.000000,0.189424,-999.000000,-999.000000,0.223074,-999.000000,-999.000000,0.276576,0.312866,2.462829,-999.000000,-999.000000,-999.000000,-999.000000,-999.000000,-999.000000,-999.000000,-999.000000,0.002106,0.000584,-999.000000,-999.000000,0.001246,-999.000000,-999.000000,-999.000000,-999.000000,-999.000000,-999.000000,-999.000000,-999.000000,0.001925,-999.000000,-999.000000,0.002723,-999.000000,-999.000000,0.002049,0.002492,0.033407,-999.000000,-999.000000,-999.000000,-999.000000,-999.000000,-999.000000,-999.000000,1.470780,1.390645,1.484959,1.499128,1.339189,-999.000000,lev15,646,Toulon,43.135556,6.009444,50.000000,71.755941,3.166612,24.800000,311.560236,0.213328,10:05:2024,8,-999.,1.021300,0.870800,-999.,-999.,0.674500,-999.,-999.,-999.,-999.,-999.,-999.,-999.,-999.,0.500500,-999.,-999.,0.439400,-999.,-999.,0.381100,0.340800,0.936200,-999.,-999.,-999.,-999.,-999.,-999.,-999.
Toulon,16:08:2022,06:36:09,228,228.275104,-999.000000,0.072645,0.081511,-999.000000,-999.000000,0.117274,-999.000000,-999.000000,-999.000000,-999.000000,-999.000000,-999.000000,-999.000000,-999.000000,0.186426,-999.000000,-999.000000,0.219280,-999.000000,-999.000000,0.272989,0.308634,2.408329,-999.000000,-999.000000,-999.000000,-999.000000,-999.000000,-999.000000,-999.000000,-999.000000,0.001126,0.001153,-999.000000,-999.000000,0.001712,-999.000000,-999.000000,-999.000000,-999.000000,-999.000000,-999.000000,-999.000000,-999.000000,0.001611,-999.000000,-999.000000,0.002046,-999.000000,-999.000000,0.001384,0.000837,0.021922,-999.000000,-999.000000,-999.000000,-999.000000,-999.000000,-999.000000,-999.000000,1.465871,1.401544,1.476466,1.495505,1.353773,-999.000000,lev15,646,Toulon,43.135556,6.009444,50.000000,70.492409,2.972260,25.100000,311.558551,0.213329,10:05:2024,8,-999.,1.021300,0.870800,-999.,-999.,0.674500,-999.,-999.,-999.,-999.,-999.,-999.,-999.,-999.,0.500500,-999.,-999.,0.439400,-999.,-999.,0.381100,0.340800,0.936200,-999.,-999.,-999.,-999.,-999.,-999.,-999.
Toulon,16:08:2022,06:44:39,228,228.281007,-999.000000,0.075321,0.085615,-999.000000,-999.000000,0.123358,-999.000000,-999.000000,-999.000000,-999.000000,-999.000000,-999.000000,-999.000000,-999.000000,0.194430,-999.000000,-999.000000,0.227791,-999.000000,-999.000000,0.284559,0.319900,2.507205,-999.000000,-999.000000,-999.000000,-999.000000,-999.000000,-999.000000,-999.000000,-999.000000,0.003038,0.002951,-999.000000,-999.000000,0.004541,-999.000000,-999.000000,-999.000000,-999.000000,-999.000000,-999.000000,-999.000000,-999.000000,0.004783,-999.000000,-999.000000,0.005757,-999.000000,-999.000000,0.005885,0.006836,0.057011,-999.000000,-999.000000,-999.000000,-999.000000,-999.000000,-999.000000,-999.000000,1.448576,1.400030,1.447403,1.482256,1.346470,-999.000000,lev15,646,Toulon,43.135556,6.009444,50.000000,68.946367,2.766065,25.700000,311.556489,0.213331,10:05:2024,8,-999.,1.021300,0.870800,-999.,-999.,0.674500,-999.,-999.,-999.,-999.,-999.,-999.,-999.,-999.,0.500500,-999.,-999.,0.439400,-999.,-999.,0.381100,0.340800,0.936200,-999.,-999.,-999.,-999.,-999.,-999.,-999.
Toulon,16:08:2022,06:51:22,228,228.285671,-999.000000,0.077842,0.086978,-999.000000,-999.000000,0.125269,-999.000000,-999.000000,-999.000000,-999.000000,-999.000000,-999.000000,-999.000000,-999.000000,0.196967,-999.000000,-999.000000,0.230903,-999.000000,-999.000000,0.287504,0.323375,2.522042,-999.000000,-999.000000,-999.000000,-999.000000,-999.000000,-999.000000,-999.000000,-999.000000,0.001426,0.001551,-999.000000,-999.000000,0.001342,-999.000000,-999.000000,-999.000000,-999.000000,-999.000000,-999.000000,-999.000000,-999.000000,0.001922,-999.000000,-999.000000,0.002464,-999.000000,-999.000000,0.002224,0.001643,0.031452,-999.000000,-999.000000,-999.000000,-999.000000,-999.000000,-999.000000,-999.000000,1.444504,1.390013,1.442514,1.477081,1.335044,-999.000000,lev15,646,Toulon,43.135556,6.009444,50.000000,67.724633,2.623416,26.200000,311.554861,0.213332,10:05:2024,8,-999.,1.021300,0.870800,-999.,-999.,0.674500,-999.,-999.,-999.,-999.,-999.,-999.,-999.,-999.,0.500500,-999.,-999.,0.439400,-999.,-999.,0.381100,0.340800,0.936200,-999.,-999.,-999.,-999.,-999.,-999.,-999.
Toulon,16:08:2022,06:53:35,228,228.287211,-999.000000,0.078044,0.086607,-999.000000,-999.000000,0.125728,-999.000000,-999.000000,-999.000000,-999.000000,-999.000000,-999.000000,-999.000000,-999.000000,0.198241,-999.000000,-999.000000,0.232710,-999.000000,-999.000000,0.289547,0.325605,2.549496,-999.000000,-999.000000,-999.000000,-999.000000,-999.000000,-999.000000,-999.000000,-999.000000,0.001030,0.000631,-999.000000,-999.000000,0.000234,-999.000000,-999.000000,-999.000000,-999.000000,-999.000000,-999.000000,-999.000000,-999.000000,0.000672,-999.000000,-999.000000,0.000408,-999.000000,-999.000000,0.001248,0.002511,0.032774,-999.000000,-999.000000,-999.000000,-999.000000,-999.000000,-999.000000,-999.000000,1.461316,1.392248,1.452130,1.496143,1.331354,-999.000000,lev15,646,Toulon,43.135556,6.009444,50.000000,67.321524,2.579746,26.400000,311.554323,0.213332,10:05:2024,8,-999.,1.021300,0.870800,-999.,-999.,0.674500,-999.,-999.,-999.,-999.,-999.,-999.,-999.,-999.,0.500500,-999.,-999.,0.439400,-999.,-999.,0.381100,0.340800,0.936200,-999.,-999.,-999.,-999.,-999.,-999.,-999.
Toulon,16:08:2022,07:04:27,228,228.294757,-999.000000,0.076766,0.086643,-999.000000,-999.000000,0.124915,-999.000000,-999.000000,-999.000000,-999.000000,-999.000000,-999.000000,-999.000000,-999.000000,0.197071,-999.000000,-999.000000,0.230367,-999.000000,-999.000000,0.289567,0.323463,2.594375,-999.000000,-999.000000,-999.000000,-999.000000,-999.000000,-999.000000,-999.000000,-999.000000,0.002296,0.000129,-999.000000,-999.000000,0.002391,-999.000000,-999.000000,-999.000000,-999.000000,-999.000000,-999.000000,-999.000000,-999.000000,0.000676,-999.000000,-999.000000,0.002201,-999.000000,-999.000000,0.001456,0.001056,0.023704,-999.000000,-999.000000,-999.000000,-999.000000,-999.000000,-999.000000,-999.000000,1.448570,1.414982,1.445446,1.485098,1.347788,-999.000000,lev15,646,Toulon,43.135556,6.009444,50.000000,65.346918,2.386721,26.600000,311.551688,0.213334,10:05:2024,8,-999.,1.021300,0.870800,-999.,-999.,0.674500,-999.,-999.,-999.,-999.,-999.,-999.,-999.,-999.,0.500500,-999.,-999.,0.439400,-999.,-999.,0.381100,0.340800,0.936200,-999.,-999.,-999.,-999.,-999.,-999.,-999.
Toulon,16:08:2022,07:17:43,228,228.303970,-999.000000,0.078769,0.086354,-999.000000,-999.000000,0.124402,-999.000000,-999.000000,-999.000000,-999.000000,-999.000000,-999.000000,-999.000000,-999.000000,0.196768,-999.000000,-999.000000,0.229969,-999.000000,-999.000000,0.288781,0.322987,2.600904,-999.000000,-999.000000,-999.000000,-999.000000,-999.000000,-999.000000,-999.000000,-999.000000,0.003704,0.001188,-999.000000,-999.000000,0.000650,-999.000000,-999.000000,-999.000000,-999.000000,-999.000000,-999.000000,-999.000000,-999.000000,0.002187,-999.000000,-999.000000,0.001515,-999.000000,-999.000000,0.005547,0.002720,0.018517,-999.000000,-999.000000,-999.000000,-999.000000,-999.000000,-999.000000,-999.000000,1.451814,1.410607,1.451552,1.488491,1.348432,-999.000000,lev15,646,Toulon,43.135556,6.009444,50.000000,62.942319,2.190420,27.500000,311.548471,0.213337,10:05:2024,8,-999.,1.021300,0.870800,-999.,-999.,0.674500,-999.,-999.,-999.,-999.,-999.,-999.,-999.,-999.,0.500500,-999.,-999.,0.439400,-999.,-999.,0.381100,0.340800,0.936200,-999.,-999.,-999.,-999.,-999.,-999.,-999.
Toulon,16:08:2022,07:34:08,228,228.315370,-999.000000,0.077659,0.086156,-999.000000,-999.000000,0.124658,-999.000000,-999.000000,-999.000000,-999.000000,-999.000000,-999.000000,-999.000000,-999.000000,0.197394,-999.000000,-999.000000,0.229419,-999.000000,-999.000000,0.291561,0.323901,2.578452,-999.000000,-999.000000,-999.000000,-999.000000,-999.000000,-999.000000,-999.000000,-999.000000,0.001138,0.000776,-999.000000,-999.000000,0.001456,-999.000000,-999.000000,-999.000000,-999.000000,-999.000000,-999.000000,-999.000000,-999.000000,0.001784,-999.000000,-999.000000,0.001157,-999.000000,-999.000000,0.001799,0.001288,0.009220,-999.000000,-999.000000,-999.000000,-999.000000,-999.000000,-999.000000,-999.000000,1.453379,1.435042,1.443615,1.498198,1.371841,-999.000000,lev15,646,Toulon,43.135556,6.009444,50.000000,59.982591,1.993246,29.000000,311.544490,0.213339,10:05:2024,8,-999.,1.021300,0.870800,-999.,-999.,0.674500,-999.,-999.,-999.,-999.,-999.,-999.,-999.,-999.,0.500500,-999.,-999.,0.439400,-999.,-999.,0.381100,0.340800,0.936200,-999.,-999.,-999.,-999.,-999.,-999.,-999.
Toulon,16:08:2022,08:07:56,228,228.338843,-999.000000,0.091319,0.097878,-999.000000,-999.000000,0.137384,-999.000000,-999.000000,-999.000000,-999.000000,-999.000000,-999.000000,-999.000000,-999.000000,0.213090,-999.000000,-999.000000,0.245268,-999.000000,-999.000000,0.312341,0.344057,2.720718,-999.000000,-999.000000,-999.000000,-999.000000,-999.000000,-999.000000,-999.000000,-999.000000,0.000837,0.001313,-999.000000,-999.000000,0.000185,-999.000000,-999.000000,-999.000000,-999.000000,-999.000000,-999.000000,-999.000000,-999.000000,0.001772,-999.000000,-999.000000,0.000426,-999.000000,-999.000000,0.003114,0.000631,0.013540,-999.000000,-999.000000,-999.000000,-999.000000,-999.000000,-999.000000,-999.000000,1.366566,1.407582,1.372947,1.406650,1.348289,-999.000000,lev15,646,Toulon,43.135556,6.009444,50.000000,53.983626,1.697420,31.700000,311.536293,0.213346,10:05:2024,8,-999.,1.021300,0.870800,-999.,-999.,0.674500,-999.,-999.,-999.,-999.,-999.,-999.,-999.,-999.,0.500500,-999.,-999.,0.439400,-999.,-999.,0.381100,0.340800,0.936200,-999.,-999.,-999.,-999.,-999.,-999.,-999.
Toulon,16:08:2022,08:17:29,228,228.345475,-999.000000,0.092849,0.097545,-999.000000,-999.000000,0.137243,-999.000000,-999.000000,-999.000000,-999.000000,-999.000000,-999.000000,-999.000000,-999.000000,0.208890,-999.000000,-999.000000,0.240921,-999.000000,-999.000000,0.305852,0.336508,2.724189,-999.000000,-999.000000,-999.000000,-999.000000,-999.000000,-999.000000,-999.000000,-999.000000,0.003884,0.001630,-999.000000,-999.000000,0.001353,-999.000000,-999.000000,-999.000000,-999.000000,-999.000000,-999.000000,-999.000000,-999.000000,0.002838,-999.000000,-999.000000,0.001243,-999.000000,-999.000000,0.003413,0.002581,0.020060,-999.000000,-999.000000,-999.000000,-999.000000,-999.000000,-999.000000,-999.000000,1.339105,1.403304,1.329462,1.375943,1.331142,-999.000000,lev15,646,Toulon,43.135556,6.009444,50.000000,52.322217,1.633280,32.200000,311.533977,0.213347,10:05:2024,8,-999.,1.021300,0.870800,-999.,-999.,0.674500,-999.,-999.,-999.,-999.,-999.,-999.,-999.,-999.,0.500500,-999.,-999.,0.439400,-999.,-999.,0.381100,0.340800,0.936200,-999.,-999.,-999.,-999.,-999.,-999.,-999.
Toulon,16:08:2022,08:26:26,228,228.351690,-999.000000,0.092233,0.097765,-999.000000,-999.000000,0.136296,-999.000000,-999.000000,-999.000000,-999.000000,-999.000000,-999.000000,-999.000000,-999.000000,0.209517,-999.000000,-999.000000,0.240309,-999.000000,-999.000000,0.306977,0.337261,2.780742,-999.000000,-999.000000,-999.000000,-999.000000,-999.000000,-999.000000,-999.000000,-999.000000,0.002462,0.001555,-999.000000,-999.000000,0.000470,-999.000000,-999.000000,-999.000000,-999.000000,-999.000000,-999.000000,-999.000000,-999.000000,0.001971,-999.000000,-999.000000,0.001401,-999.000000,-999.000000,0.001808,0.000827,0.015979,-999.000000,-999.000000,-999.000000,-999.000000,-999.000000,-999.000000,-999.000000,1.338126,1.406426,1.343675,1.378157,1.351047,-999.000000,lev15,646,Toulon,43.135556,6.009444,50.000000,50.782848,1.579159,32.300000,311.531807,0.213349,10:05:2024,8,-999.,1.021300,0.870800,-999.,-999.,0.674500,-999.,-999.,-999.,-999.,-999.,-999.,-999.,-999.,0.500500,-999.,-999.,0.439400,-999.,-999.,0.381100,0.340800,0.936200,-999.,-999.,-999.,-999.,-999.,-999.,-999.
Toulon,16:08:2022,08:41:23,228,228.362072,-999.000000,0.092019,0.096028,-999.000000,-999.000000,0.132513,-999.000000,-999.000000,-999.000000,-999.000000,-999.000000,-999.000000,-999.000000,-999.000000,0.207673,-999.000000,-999.000000,0.236393,-999.000000,-999.000000,0.304628,0.332936,2.779522,-999.000000,-999.000000,-999.000000,-999.000000,-999.000000,-999.000000,-999.000000,-999.000000,0.004164,0.001492,-999.000000,-999.000000,0.001116,-999.000000,-999.000000,-999.000000,-999.000000,-999.000000,-999.000000,-999.000000,-999.000000,0.001901,-999.000000,-999.000000,0.001543,-999.000000,-999.000000,0.003090,0.000400,0.003817,-999.000000,-999.000000,-999.000000,-999.000000,-999.000000,-999.000000,-999.000000,1.349859,1.411564,1.377496,1.395921,1.367039,-999.000000,lev15,646,Toulon,43.135556,6.009444,50.000000,48.256460,1.499923,33.000000,311.528181,0.213352,10:05:2024,8,-999.,1.021300,0.870800,-999.,-999.,0.674500,-999.,-999.,-999.,-999.,-999.,-999.,-999.,-999.,0.500500,-999.,-999.,0.439400,-999.,-999.,0.381100,0.340800,0.936200,-999.,-999.,-999.,-999.,-999.,-999.,-999.
Toulon,16:08:2022,08:49:56,228,228.368009,-999.000000,0.091550,0.095367,-999.000000,-999.000000,0.134219,-999.000000,-999.000000,-999.000000,-999.000000,-999.000000,-999.000000,-999.000000,-999.000000,0.205742,-999.000000,-999.000000,0.235299,-999.000000,-999.000000,0.301847,0.331995,2.763001,-999.000000,-999.000000,-999.000000,-999.000000,-999.000000,-999.000000,-999.000000,-999.000000,0.001777,0.001488,-999.000000,-999.000000,0.000877,-999.000000,-999.000000,-999.000000,-999.000000,-999.000000,-999.000000,-999.000000,-999.000000,0.001721,-999.000000,-999.000000,0.003022,-999.000000,-999.000000,0.002605,0.000642,0.010820,-999.000000,-999.000000,-999.000000,-999.000000,-999.000000,-999.000000,-999.000000,1.342571,1.411690,1.331006,1.389582,1.372425,-999.000000,lev15,646,Toulon,43.135556,6.009444,50.000000,46.841043,1.460097,33.400000,311.526108,0.213353,10:05:2024,8,-999.,1.021300,0.870800,-999.,-999.,0.674500,-999.,-999.,-999.,-999.,-999.,-999.,-999.,-999.,0.500500,-999.,-999.,0.439400,-999.,-999.,0.381100,0.340800,0.936200,-999.,-999.,-999.,-999.,-999.,-999.,-999.
Toulon,16:08:2022,08:56:24,228,228.372500,-999.000000,0.090482,0.097329,-999.000000,-999.000000,0.136616,-999.000000,-999.000000,-999.000000,-999.000000,-999.000000,-999.000000,-999.000000,-999.000000,0.212298,-999.000000,-999.000000,0.242908,-999.000000,-999.000000,0.313371,0.342022,2.804690,-999.000000,-999.000000,-999.000000,-999.000000,-999.000000,-999.000000,-999.000000,-999.000000,0.003983,0.002141,-999.000000,-999.000000,0.001804,-999.000000,-999.000000,-999.000000,-999.000000,-999.000000,-999.000000,-999.000000,-999.000000,0.002380,-999.000000,-999.000000,0.000381,-999.000000,-999.000000,0.004536,0.001521,0.004155,-999.000000,-999.000000,-999.000000,-999.000000,-999.000000,-999.000000,-999.000000,1.363320,1.434343,1.366189,1.410161,1.366407,-999.000000,lev15,646,Toulon,43.135556,6.009444,50.000000,45.786795,1.432332,33.700000,311.524540,0.213354,10:05:2024,8,-999.,1.021300,0.870800,-999.,-999.,0.674500,-999.,-999.,-999.,-999.,-999.,-999.,-999.,-999.,0.500500,-999.,-999.,0.439400,-999.,-999.,0.381100,0.340800,0.936200,-999.,-999.,-999.,-999.,-999.,-999.,-999.
Toulon,16:08:2022,09:11:21,228,228.382882,-999.000000,0.092589,0.095838,-999.000000,-999.000000,0.135603,-999.000000,-999.000000,-999.000000,-999.000000,-999.000000,-999.000000,-999.000000,-999.000000,0.213477,-999.000000,-999.000000,0.243564,-999.000000,-999.000000,0.316835,0.346838,2.808555,-999.000000,-999.000000,-999.000000,-999.000000,-999.000000,-999.000000,-999.000000,-999.000000,0.002228,0.002675,-999.000000,-999.000000,0.004431,-999.000000,-999.000000,-999.000000,-999.000000,-999.000000,-999.000000,-999.000000,-999.000000,0.005075,-999.000000,-999.000000,0.007718,-999.000000,-999.000000,0.007800,0.010140,0.058027,-999.000000,-999.000000,-999.000000,-999.000000,-999.000000,-999.000000,-999.000000,1.393352,1.454946,1.393286,1.448202,1.411445,-999.000000,lev15,646,Toulon,43.135556,6.009444,50.000000,43.410838,1.375107,34.200000,311.520915,0.213357,10:05:2024,8,-999.,1.021300,0.870800,-999.,-999.,0.674500,-999.,-999.,-999.,-999.,-999.,-999.,-999.,-999.,0.500500,-999.,-999.,0.439400,-999.,-999.,0.381100,0.340800,0.936200,-999.,-999.,-999.,-999.,-999.,-999.,-999.
Toulon,16:08:2022,09:26:23,228,228.393322,-999.000000,0.091312,0.094123,-999.000000,-999.000000,0.133361,-999.000000,-999.000000,-999.000000,-999.000000,-999.000000,-999.000000,-999.000000,-999.000000,0.210072,-999.000000,-999.000000,0.238879,-999.000000,-999.000000,0.311794,0.340396,2.792328,-999.000000,-999.000000,-999.000000,-999.000000,-999.000000,-999.000000,-999.000000,-999.000000,0.002302,0.000816,-999.000000,-999.000000,0.001444,-999.000000,-999.000000,-999.000000,-999.000000,-999.000000,-999.000000,-999.000000,-999.000000,0.001687,-999.000000,-999.000000,0.000705,-999.000000,-999.000000,0.002292,0.000810,0.006462,-999.000000,-999.000000,-999.000000,-999.000000,-999.000000,-999.000000,-999.000000,1.392539,1.455451,1.388337,1.451734,1.415036,-999.000000,lev15,646,Toulon,43.135556,6.009444,50.000000,41.122696,1.326221,34.800000,311.517269,0.213360,10:05:2024,8,-999.,1.021300,0.870800,-999.,-999.,0.674500,-999.,-999.,-999.,-999.,-999.,-999.,-999.,-999.,0.500500,-999.,-999.,0.439400,-999.,-999.,0.381100,0.340800,0.936200,-999.,-999.,-999.,-999.,-999.,-999.,-999.
Toulon,16:08:2022,09:56:22,228,228.414144,-999.000000,0.089387,0.091582,-999.000000,-999.000000,0.129945,-999.000000,-999.000000,-999.000000,-999.000000,-999.000000,-999.000000,-999.000000,-999.000000,0.204308,-999.000000,-999.000000,0.231809,-999.000000,-999.000000,0.305553,0.331427,2.789235,-999.000000,-999.000000,-999.000000,-999.000000,-999.000000,-999.000000,-999.000000,-999.000000,0.003184,0.002306,-999.000000,-999.000000,0.001821,-999.000000,-999.000000,-999.000000,-999.000000,-999.000000,-999.000000,-999.000000,-999.000000,0.000459,-999.000000,-999.000000,0.001447,-999.000000,-999.000000,0.004110,0.002296,0.012618,-999.000000,-999.000000,-999.000000,-999.000000,-999.000000,-999.000000,-999.000000,1.388701,1.483988,1.379349,1.450753,1.430692,-999.000000,lev15,646,Toulon,43.135556,6.009444,50.000000,36.948293,1.250287,35.000000,311.509998,0.213365,10:05:2024,8,-999.,1.021300,0.870800,-999.,-999.,0.674500,-999.,-999.,-999.,-999.,-999.,-999.,-999.,-999.,0.500500,-999.,-999.,0.439400,-999.,-999.,0.381100,0.340800,0.936200,-999.,-999.,-999.,-999.,-999.,-999.,-999.
Toulon,16:08:2022,10:11:20,228,228.424537,-999.000000,0.085142,0.086551,-999.000000,-999.000000,0.123992,-999.000000,-999.000000,-999.000000,-999.000000,-999.000000,-999.000000,-999.000000,-999.000000,0.198432,-999.000000,-999.000000,0.224154,-999.000000,-999.000000,0.297935,0.323362,2.795385,-999.000000,-999.000000,-999.000000,-999.000000,-999.000000,-999.000000,-999.000000,-999.000000,0.000758,0.000983,-999.000000,-999.000000,0.001050,-999.000000,-999.000000,-999.000000,-999.000000,-999.000000,-999.000000,-999.000000,-999.000000,0.000342,-999.000000,-999.000000,0.002710,-999.000000,-999.000000,0.001529,0.002632,0.011863,-999.000000,-999.000000,-999.000000,-999.000000,-999.000000,-999.000000,-999.000000,1.427383,1.499109,1.415322,1.500369,1.466937,-999.000000,lev15,646,Toulon,43.135556,6.009444,50.000000,35.110257,1.221518,35.500000,311.506369,0.213368,10:05:2024,8,-999.,1.021300,0.870800,-999.,-999.,0.674500,-999.,-999.,-999.,-999.,-999.,-999.,-999.,-999.,0.500500,-999.,-999.,0.439400,-999.,-999.,0.381100,0.340800,0.936200,-999.,-999.,-999.,-999.,-999.,-999.,-999.
Toulon,16:08:2022,10:26:20,228,228.434954,-999.000000,0.081236,0.082318,-999.000000,-999.000000,0.120366,-999.000000,-999.000000,-999.000000,-999.000000,-999.000000,-999.000000,-999.000000,-999.000000,0.194024,-999.000000,-999.000000,0.220963,-999.000000,-999.000000,0.295317,0.319638,2.817952,-999.000000,-999.000000,-999.000000,-999.000000,-999.000000,-999.000000,-999.000000,-999.000000,0.004398,0.002402,-999.000000,-999.000000,0.001760,-999.000000,-999.000000,-999.000000,-999.000000,-999.000000,-999.000000,-999.000000,-999.000000,0.001052,-999.000000,-999.000000,0.005238,-999.000000,-999.000000,0.004243,0.004662,0.022366,-999.000000,-999.000000,-999.000000,-999.000000,-999.000000,-999.000000,-999.000000,1.475931,1.548966,1.449106,1.549629,1.479008,-999.000000,lev15,646,Toulon,43.135556,6.009444,50.000000,33.472389,1.197988,35.900000,311.502731,0.213370,10:05:2024,8,-999.,1.021300,0.870800,-999.,-999.,0.674500,-999.,-999.,-999.,-999.,-999.,-999.,-999.,-999.,0.500500,-999.,-999.,0.439400,-999.,-999.,0.381100,0.340800,0.936200,-999.,-999.,-999.,-999.,-999.,-999.,-999.
Toulon,16:08:2022,10:41:24,228,228.445417,-999.000000,0.082261,0.084517,-999.000000,-999.000000,0.122837,-999.000000,-999.000000,-999.000000,-999.000000,-999.000000,-999.000000,-999.000000,-999.000000,0.198532,-999.000000,-999.000000,0.224119,-999.000000,-999.000000,0.299113,0.322658,2.830502,-999.000000,-999.000000,-999.000000,-999.000000,-999.000000,-999.000000,-999.000000,-999.000000,0.003750,0.001828,-999.000000,-999.000000,0.002109,-999.000000,-999.000000,-999.000000,-999.000000,-999.000000,-999.000000,-999.000000,-999.000000,0.002741,-999.000000,-999.000000,0.001903,-999.000000,-999.000000,0.003053,0.000473,0.021794,-999.000000,-999.000000,-999.000000,-999.000000,-999.000000,-999.000000,-999.000000,1.462870,1.511988,1.438779,1.543913,1.460623,-999.000000,lev15,646,Toulon,43.135556,6.009444,50.000000,32.066669,1.179257,35.800000,311.499077,0.213373,10:05:2024,8,-999.,1.021300,0.870800,-999.,-999.,0.674500,-999.,-999.,-999.,-999.,-999.,-999.,-999.,-999.,0.500500,-999.,-999.,0.439400,-999.,-999.,0.381100,0.340800,0.936200,-999.,-999.,-999.,-999.,-999.,-999.,-999.
Toulon,16:08:2022,10:56:20,228,228.455787,-999.000000,0.088392,0.088716,-999.000000,-999.000000,0.128621,-999.000000,-999.000000,-999.000000,-999.000000,-999.000000,-999.000000,-999.000000,-999.000000,0.206947,-999.000000,-999.000000,0.234212,-999.000000,-999.000000,0.310203,0.337439,2.900331,-999.000000,-999.000000,-999.000000,-999.000000,-999.000000,-999.000000,-999.000000,-999.000000,0.000633,0.001358,-999.000000,-999.000000,0.001729,-999.000000,-999.000000,-999.000000,-999.000000,-999.000000,-999.000000,-999.000000,-999.000000,0.004241,-999.000000,-999.000000,0.002665,-999.000000,-999.000000,0.003235,0.004704,0.019972,-999.000000,-999.000000,-999.000000,-999.000000,-999.000000,-999.000000,-999.000000,1.454567,1.492710,1.432384,1.531250,1.461006,-999.000000,lev15,646,Toulon,43.135556,6.009444,50.000000,30.943969,1.165209,36.400000,311.495456,0.213376,10:05:2024,8,-999.,1.021300,0.870800,-999.,-999.,0.674500,-999.,-999.,-999.,-999.,-999.,-999.,-999.,-999.,0.500500,-999.,-999.,0.439400,-999.,-999.,0.381100,0.340800,0.936200,-999.,-999.,-999.,-999.,-999.,-999.,-999.
Toulon,16:08:2022,11:11:20,228,228.466204,-999.000000,0.084420,0.083239,-999.000000,-999.000000,0.122872,-999.000000,-999.000000,-999.000000,-999.000000,-999.000000,-999.000000,-999.000000,-999.000000,0.199684,-999.000000,-999.000000,0.227627,-999.000000,-999.000000,0.301836,0.328390,2.837637,-999.000000,-999.000000,-999.000000,-999.000000,-999.000000,-999.000000,-999.000000,-999.000000,0.003257,0.002684,-999.000000,-999.000000,0.002485,-999.000000,-999.000000,-999.000000,-999.000000,-999.000000,-999.000000,-999.000000,-999.000000,0.004739,-999.000000,-999.000000,0.004022,-999.000000,-999.000000,0.006271,0.006507,0.043825,-999.000000,-999.000000,-999.000000,-999.000000,-999.000000,-999.000000,-999.000000,1.503692,1.523121,1.471399,1.581336,1.466403,-999.000000,lev15,646,Toulon,43.135556,6.009444,50.000000,30.119231,1.155379,36.700000,311.491819,0.213378,10:05:2024,8,-999.,1.021300,0.870800,-999.,-999.,0.674500,-999.,-999.,-999.,-999.,-999.,-999.,-999.,-999.,0.500500,-999.,-999.,0.439400,-999.,-999.,0.381100,0.340800,0.936200,-999.,-999.,-999.,-999.,-999.,-999.,-999.
Toulon,16:08:2022,11:26:21,228,228.476632,-999.000000,0.080176,0.082719,-999.000000,-999.000000,0.120619,-999.000000,-999.000000,-999.000000,-999.000000,-999.000000,-999.000000,-999.000000,-999.000000,0.196098,-999.000000,-999.000000,0.222591,-999.000000,-999.000000,0.298558,0.324310,2.808835,-999.000000,-999.000000,-999.000000,-999.000000,-999.000000,-999.000000,-999.000000,-999.000000,0.001008,0.001256,-999.000000,-999.000000,0.000125,-999.000000,-999.000000,-999.000000,-999.000000,-999.000000,-999.000000,-999.000000,-999.000000,0.003233,-999.000000,-999.000000,0.002196,-999.000000,-999.000000,0.001265,0.001740,0.004649,-999.000000,-999.000000,-999.000000,-999.000000,-999.000000,-999.000000,-999.000000,1.483495,1.550380,1.464154,1.560554,1.507095,-999.000000,lev15,646,Toulon,43.135556,6.009444,50.000000,29.624045,1.149670,36.600000,311.488177,0.213381,10:05:2024,8,-999.,1.021300,0.870800,-999.,-999.,0.674500,-999.,-999.,-999.,-999.,-999.,-999.,-999.,-999.,0.500500,-999.,-999.,0.439400,-999.,-999.,0.381100,0.340800,0.936200,-999.,-999.,-999.,-999.,-999.,-999.,-999.
Toulon,16:08:2022,15:14:56,228,228.635370,-999.000000,0.069217,0.069215,-999.000000,-999.000000,0.101374,-999.000000,-999.000000,-999.000000,-999.000000,-999.000000,-999.000000,-999.000000,-999.000000,0.161201,-999.000000,-999.000000,0.186692,-999.000000,-999.000000,0.243384,0.270148,2.488683,-999.000000,-999.000000,-999.000000,-999.000000,-999.000000,-999.000000,-999.000000,-999.000000,0.000531,0.001308,-999.000000,-999.000000,0.001404,-999.000000,-999.000000,-999.000000,-999.000000,-999.000000,-999.000000,-999.000000,-999.000000,0.002677,-999.000000,-999.000000,0.002275,-999.000000,-999.000000,0.003104,0.002468,0.061507,-999.000000,-999.000000,-999.000000,-999.000000,-999.000000,-999.000000,-999.000000,1.472909,1.517077,1.447325,1.527366,1.472399,-999.000000,lev15,646,Toulon,43.135556,6.009444,50.000000,54.460864,1.717054,35.400000,311.432745,0.213422,10:05:2024,8,-999.,1.021300,0.870800,-999.,-999.,0.674500,-999.,-999.,-999.,-999.,-999.,-999.,-999.,-999.,0.500500,-999.,-999.,0.439400,-999.,-999.,0.381100,0.340800,0.936200,-999.,-999.,-999.,-999.,-999.,-999.,-999.
Toulon,16:08:2022,15:48:51,228,228.658924,-999.000000,0.064805,0.067411,-999.000000,-999.000000,0.099815,-999.000000,-999.000000,-999.000000,-999.000000,-999.000000,-999.000000,-999.000000,-999.000000,0.163425,-999.000000,-999.000000,0.192196,-999.000000,-999.000000,0.248436,0.279844,2.522898,-999.000000,-999.000000,-999.000000,-999.000000,-999.000000,-999.000000,-999.000000,-999.000000,0.002053,0.000945,-999.000000,-999.000000,0.001239,-999.000000,-999.000000,-999.000000,-999.000000,-999.000000,-999.000000,-999.000000,-999.000000,0.001236,-999.000000,-999.000000,0.000804,-999.000000,-999.000000,0.001476,0.001889,0.021128,-999.000000,-999.000000,-999.000000,-999.000000,-999.000000,-999.000000,-999.000000,1.555025,1.540874,1.550232,1.600498,1.493052,-999.000000,lev15,646,Toulon,43.135556,6.009444,50.000000,60.499688,2.024727,34.300000,311.424521,0.213428,10:05:2024,8,-999.,1.021300,0.870800,-999.,-999.,0.674500,-999.,-999.,-999.,-999.,-999.,-999.,-999.,-999.,0.500500,-999.,-999.,0.439400,-999.,-999.,0.381100,0.340800,0.936200,-999.,-999.,-999.,-999.,-999.,-999.,-999.
Toulon,16:08:2022,16:05:18,228,228.670347,-999.000000,0.061231,0.063355,-999.000000,-999.000000,0.092866,-999.000000,-999.000000,-999.000000,-999.000000,-999.000000,-999.000000,-999.000000,-999.000000,0.150005,-999.000000,-999.000000,0.175120,-999.000000,-999.000000,0.224959,0.253845,2.452127,-999.000000,-999.000000,-999.000000,-999.000000,-999.000000,-999.000000,-999.000000,-999.000000,0.002384,0.000944,-999.000000,-999.000000,0.002021,-999.000000,-999.000000,-999.000000,-999.000000,-999.000000,-999.000000,-999.000000,-999.000000,0.001027,-999.000000,-999.000000,0.001875,-999.000000,-999.000000,0.003744,0.002773,0.048257,-999.000000,-999.000000,-999.000000,-999.000000,-999.000000,-999.000000,-999.000000,1.510043,1.491137,1.502101,1.557760,1.474325,-999.000000,lev15,646,Toulon,43.135556,6.009444,50.000000,63.472731,2.230580,33.700000,311.420531,0.213431,10:05:2024,8,-999.,1.021300,0.870800,-999.,-999.,0.674500,-999.,-999.,-999.,-999.,-999.,-999.,-999.,-999.,0.500500,-999.,-999.,0.439400,-999.,-999.,0.381100,0.340800,0.936200,-999.,-999.,-999.,-999.,-999.,-999.,-999.
Toulon,16:08:2022,16:18:30,228,228.679514,-999.000000,0.062364,0.065727,-999.000000,-999.000000,0.094984,-999.000000,-999.000000,-999.000000,-999.000000,-999.000000,-999.000000,-999.000000,-999.000000,0.153229,-999.000000,-999.000000,0.178735,-999.000000,-999.000000,0.227676,0.257491,2.541585,-999.000000,-999.000000,-999.000000,-999.000000,-999.000000,-999.000000,-999.000000,-999.000000,0.000480,0.000729,-999.000000,-999.000000,0.000999,-999.000000,-999.000000,-999.000000,-999.000000,-999.000000,-999.000000,-999.000000,-999.000000,0.002469,-999.000000,-999.000000,0.002327,-999.000000,-999.000000,0.003767,0.005188,0.030634,-999.000000,-999.000000,-999.000000,-999.000000,-999.000000,-999.000000,-999.000000,1.488110,1.456769,1.497270,1.530446,1.448480,-999.000000,lev15,646,Toulon,43.135556,6.009444,50.000000,65.870256,2.434753,33.600000,311.417330,0.213433,10:05:2024,8,-999.,1.021300,0.870800,-999.,-999.,0.674500,-999.,-999.,-999.,-999.,-999.,-999.,-999.,-999.,0.500500,-999.,-999.,0.439400,-999.,-999.,0.381100,0.340800,0.936200,-999.,-999.,-999.,-999.,-999.,-999.,-999.
Toulon,16:08:2022,16:29:22,228,228.687060,-999.000000,0.065923,0.068421,-999.000000,-999.000000,0.097784,-999.000000,-999.000000,-999.000000,-999.000000,-999.000000,-999.000000,-999.000000,-999.000000,0.154394,-999.000000,-999.000000,0.180508,-999.000000,-999.000000,0.228043,0.257779,2.545014,-999.000000,-999.000000,-999.000000,-999.000000,-999.000000,-999.000000,-999.000000,-999.000000,0.007722,0.006113,-999.000000,-999.000000,0.007361,-999.000000,-999.000000,-999.000000,-999.000000,-999.000000,-999.000000,-999.000000,-999.000000,0.006397,-999.000000,-999.000000,0.008693,-999.000000,-999.000000,0.009816,0.009785,0.108687,-999.000000,-999.000000,-999.000000,-999.000000,-999.000000,-999.000000,-999.000000,1.438592,1.434323,1.447810,1.471238,1.412967,-999.000000,lev15,646,Toulon,43.135556,6.009444,50.000000,67.848464,2.637153,33.500000,311.414695,0.213435,10:05:2024,8,-999.,1.021300,0.870800,-999.,-999.,0.674500,-999.,-999.,-999.,-999.,-999.,-999.,-999.,-999.,0.500500,-999.,-999.,0.439400,-999.,-999.,0.381100,0.340800,0.936200,-999.,-999.,-999.,-999.,-999.,-999.,-999.
Toulon,16:08:2022,16:38:39,228,228.693507,-999.000000,0.062526,0.066406,-999.000000,-999.000000,0.094424,-999.000000,-999.000000,-999.000000,-999.000000,-999.000000,-999.000000,-999.000000,-999.000000,0.151097,-999.000000,-999.000000,0.175793,-999.000000,-999.000000,0.223127,0.252388,2.561434,-999.000000,-999.000000,-999.000000,-999.000000,-999.000000,-999.000000,-999.000000,-999.000000,0.005117,0.001627,-999.000000,-999.000000,0.000571,-999.000000,-999.000000,-999.000000,-999.000000,-999.000000,-999.000000,-999.000000,-999.000000,0.001939,-999.000000,-999.000000,0.001596,-999.000000,-999.000000,0.003969,0.002500,0.052347,-999.000000,-999.000000,-999.000000,-999.000000,-999.000000,-999.000000,-999.000000,1.449776,1.434082,1.471968,1.487054,1.434482,-999.000000,lev15,646,Toulon,43.135556,6.009444,50.000000,69.539713,2.841516,33.300000,311.412444,0.213437,10:05:2024,8,-999.,1.021300,0.870800,-999.,-999.,0.674500,-999.,-999.,-999.,-999.,-999.,-999.,-999.,-999.,0.500500,-999.,-999.,0.439400,-999.,-999.,0.381100,0.340800,0.936200,-999.,-999.,-999.,-999.,-999.,-999.,-999.
Toulon,16:08:2022,16:46:39,228,228.699062,-999.000000,0.063704,0.067828,-999.000000,-999.000000,0.095706,-999.000000,-999.000000,-999.000000,-999.000000,-999.000000,-999.000000,-999.000000,-999.000000,0.152118,-999.000000,-999.000000,0.177384,-999.000000,-999.000000,0.222501,0.252375,2.567217,-999.000000,-999.000000,-999.000000,-999.000000,-999.000000,-999.000000,-999.000000,-999.000000,0.001560,0.000531,-999.000000,-999.000000,0.000914,-999.000000,-999.000000,-999.000000,-999.000000,-999.000000,-999.000000,-999.000000,-999.000000,0.002319,-999.000000,-999.000000,0.002377,-999.000000,-999.000000,0.003125,0.002500,0.052948,-999.000000,-999.000000,-999.000000,-999.000000,-999.000000,-999.000000,-999.000000,1.430357,1.398304,1.459414,1.461057,1.396693,-999.000000,lev15,646,Toulon,43.135556,6.009444,50.000000,70.996973,3.046793,33.100000,311.410504,0.213438,10:05:2024,8,-999.,1.021300,0.870800,-999.,-999.,0.674500,-999.,-999.,-999.,-999.,-999.,-999.,-999.,-999.,0.500500,-999.,-999.,0.439400,-999.,-999.,0.381100,0.340800,0.936200,-999.,-999.,-999.,-999.,-999.,-999.,-999.
Toulon,16:08:2022,16:56:31,228,228.705914,-999.000000,0.062274,0.065664,-999.000000,-999.000000,0.092440,-999.000000,-999.000000,-999.000000,-999.000000,-999.000000,-999.000000,-999.000000,-999.000000,0.143188,-999.000000,-999.000000,0.166093,-999.000000,-999.000000,0.208561,0.237239,2.453753,-999.000000,-999.000000,-999.000000,-999.000000,-999.000000,-999.000000,-999.000000,-999.000000,0.002091,0.000903,-999.000000,-999.000000,0.001125,-999.000000,-999.000000,-999.000000,-999.000000,-999.000000,-999.000000,-999.000000,-999.000000,0.001437,-999.000000,-999.000000,0.002254,-999.000000,-999.000000,0.003245,0.004285,0.039461,-999.000000,-999.000000,-999.000000,-999.000000,-999.000000,-999.000000,-999.000000,1.376685,1.383256,1.384551,1.409378,1.411777,-999.000000,lev15,646,Toulon,43.135556,6.009444,50.000000,72.792799,3.347176,32.600000,311.408111,0.213440,10:05:2024,8,-999.,1.021300,0.870800,-999.,-999.,0.674500,-999.,-999.,-999.,-999.,-999.,-999.,-999.,-999.,0.500500,-999.,-999.,0.439400,-999.,-999.,0.381100,0.340800,0.936200,-999.,-999.,-999.,-999.,-999.,-999.,-999.
Toulon,16:08:2022,17:04:14,228,228.711273,-999.000000,0.065565,0.071122,-999.000000,-999.000000,0.098638,-999.000000,-999.000000,-999.000000,-999.000000,-999.000000,-999.000000,-999.000000,-999.000000,0.152346,-999.000000,-999.000000,0.177072,-999.000000,-999.000000,0.221151,0.252204,2.640517,-999.000000,-999.000000,-999.000000,-999.000000,-999.000000,-999.000000,-999.000000,-999.000000,0.002115,0.001449,-999.000000,-999.000000,0.001908,-999.000000,-999.000000,-999.000000,-999.000000,-999.000000,-999.000000,-999.000000,-999.000000,0.002559,-999.000000,-999.000000,0.004134,-999.000000,-999.000000,0.004730,0.006255,0.023586,-999.000000,-999.000000,-999.000000,-999.000000,-999.000000,-999.000000,-999.000000,1.354081,1.370449,1.381140,1.377767,1.399424,-999.000000,lev15,646,Toulon,43.135556,6.009444,50.000000,74.194906,3.628311,32.300000,311.406240,0.213442,10:05:2024,8,-999.,1.021300,0.870800,-999.,-999.,0.674500,-999.,-999.,-999.,-999.,-999.,-999.,-999.,-999.,0.500500,-999.,-999.,0.439400,-999.,-999.,0.381100,0.340800,0.936200,-999.,-999.,-999.,-999.,-999.,-999.,-999.
Toulon,16:08:2022,17:06:36,228,228.712917,-999.000000,0.066771,0.071756,-999.000000,-999.000000,0.100124,-999.000000,-999.000000,-999.000000,-999.000000,-999.000000,-999.000000,-999.000000,-999.000000,0.153937,-999.000000,-999.000000,0.179509,-999.000000,-999.000000,0.223564,0.254715,2.672099,-999.000000,-999.000000,-999.000000,-999.000000,-999.000000,-999.000000,-999.000000,-999.000000,0.001563,0.000744,-999.000000,-999.000000,0.000721,-999.000000,-999.000000,-999.000000,-999.000000,-999.000000,-999.000000,-999.000000,-999.000000,0.000236,-999.000000,-999.000000,0.000639,-999.000000,-999.000000,0.000671,0.001847,0.016625,-999.000000,-999.000000,-999.000000,-999.000000,-999.000000,-999.000000,-999.000000,1.357789,1.371829,1.376025,1.379996,1.384387,-999.000000,lev15,646,Toulon,43.135556,6.009444,50.000000,74.624353,3.724426,32.200000,311.405666,0.213442,10:05:2024,8,-999.,1.021300,0.870800,-999.,-999.,0.674500,-999.,-999.,-999.,-999.,-999.,-999.,-999.,-999.,0.500500,-999.,-999.,0.439400,-999.,-999.,0.381100,0.340800,0.936200,-999.,-999.,-999.,-999.,-999.,-999.,-999.
Toulon,16:08:2022,17:08:35,228,228.714294,-999.000000,0.066995,0.072236,-999.000000,-999.000000,0.100093,-999.000000,-999.000000,-999.000000,-999.000000,-999.000000,-999.000000,-999.000000,-999.000000,0.155011,-999.000000,-999.000000,0.180162,-999.000000,-999.000000,0.224529,0.256447,2.703561,-999.000000,-999.000000,-999.000000,-999.000000,-999.000000,-999.000000,-999.000000,-999.000000,0.001607,0.000446,-999.000000,-999.000000,0.000928,-999.000000,-999.000000,-999.000000,-999.000000,-999.000000,-999.000000,-999.000000,-999.000000,0.000475,-999.000000,-999.000000,0.000643,-999.000000,-999.000000,0.001280,0.001212,0.004954,-999.000000,-999.000000,-999.000000,-999.000000,-999.000000,-999.000000,-999.000000,1.357542,1.362338,1.387839,1.381173,1.396413,-999.000000,lev15,646,Toulon,43.135556,6.009444,50.000000,74.984000,3.809028,32.100000,311.405185,0.213442,10:05:2024,8,-999.,1.021300,0.870800,-999.,-999.,0.674500,-999.,-999.,-999.,-999.,-999.,-999.,-999.,-999.,0.500500,-999.,-999.,0.439400,-999.,-999.,0.381100,0.340800,0.936200,-999.,-999.,-999.,-999.,-999.,-999.,-999.
Toulon,16:08:2022,17:10:37,228,228.715706,-999.000000,0.067331,0.072494,-999.000000,-999.000000,0.100406,-999.000000,-999.000000,-999.000000,-999.000000,-999.000000,-999.000000,-999.000000,-999.000000,0.156485,-999.000000,-999.000000,0.182490,-999.000000,-999.000000,0.225851,0.258702,2.717411,-999.000000,-999.000000,-999.000000,-999.000000,-999.000000,-999.000000,-999.000000,-999.000000,0.002192,0.000822,-999.000000,-999.000000,0.001621,-999.000000,-999.000000,-999.000000,-999.000000,-999.000000,-999.000000,-999.000000,-999.000000,0.002459,-999.000000,-999.000000,0.003558,-999.000000,-999.000000,0.004915,0.004319,0.072107,-999.000000,-999.000000,-999.000000,-999.000000,-999.000000,-999.000000,-999.000000,1.371691,1.348595,1.410263,1.392108,1.378892,-999.000000,lev15,646,Toulon,43.135556,6.009444,50.000000,75.352467,3.899878,32.000000,311.404692,0.213443,10:05:2024,8,-999.,1.021300,0.870800,-999.,-999.,0.674500,-999.,-999.,-999.,-999.,-999.,-999.,-999.,-999.,0.500500,-999.,-999.,0.439400,-999.,-999.,0.381100,0.340800,0.936200,-999.,-999.,-999.,-999.,-999.,-999.,-999.
Toulon,16:08:2022,17:14:07,228,228.718137,-999.000000,0.064637,0.069441,-999.000000,-999.000000,0.096514,-999.000000,-999.000000,-999.000000,-999.000000,-999.000000,-999.000000,-999.000000,-999.000000,0.150939,-999.000000,-999.000000,0.175812,-999.000000,-999.000000,0.218274,0.250484,2.641362,-999.000000,-999.000000,-999.000000,-999.000000,-999.000000,-999.000000,-999.000000,-999.000000,0.000213,0.000301,-999.000000,-999.000000,0.000852,-999.000000,-999.000000,-999.000000,-999.000000,-999.000000,-999.000000,-999.000000,-999.000000,0.000573,-999.000000,-999.000000,0.000886,-999.000000,-999.000000,0.000671,0.001046,0.020661,-999.000000,-999.000000,-999.000000,-999.000000,-999.000000,-999.000000,-999.000000,1.380994,1.356021,1.416624,1.404614,1.398673,-999.000000,lev15,646,Toulon,43.135556,6.009444,50.000000,75.986078,4.066883,31.800000,311.403843,0.213443,10:05:2024,8,-999.,1.021300,0.870800,-999.,-999.,0.674500,-999.,-999.,-999.,-999.,-999.,-999.,-999.,-999.,0.500500,-999.,-999.,0.439400,-999.,-999.,0.381100,0.340800,0.936200,-999.,-999.,-999.,-999.,-999.,-999.,-999.
